0 0.0275 0.4 0.055 0.42
0 0.03 0.135 0.06 0.27
0 0.255 0.1975 0.43 0.305
0 0.755 0.98 0.49 0.04
0 0.065 0.52 0.13 0.44
0 0.8675 0.2 0.265 0.4
1 0.93 0.345 0.14 0.47
0 0.065 0.775 0.13 0.4
0 0.6725 0.835 0.385 0.29
0 0.3175 0.0675 0.635 0.115
0 0.865 0.5825 0.23 0.615
0 0.3225 0.98 0.645 0.04
0 0.73 0.03 0.54 0.06
0 0.6925 0.9175 0.615 0.165
0 0.1025 0.88 0.205 0.24
2 0.9425 0.4325 0.115 0.565
0 0.9425 0.1275 0.115 0.255
0 0.825 0.9675 0.35 0.065
0 0.23 0.87 0.46 0.26
0 0.1825 0.3325 0.355 0.645
0 0.68 0.11 0.64 0.21
0 0.94 0.0525 0.12 0.105
0 0.915 0.7 0.17 0.6
0 0.95 0.4525 0.1 0.605
0 0.5475 0.03 0.645 0.05
0 0.8475 0.7925 0.305 0.405
0 0.45 0.91 0.88 0.18
0 0.8475 0.37 0.305 0.66
0 0.195 0.97 0.39 0.06
0 0.12 0.055 0.24 0.11
0 0.05 0.35 0.1 0.48
0 0.2875 0.03 0.575 0.06
0 0.865 0.055 0.27 0.11
1 0.965 0.05 0.07 0.09
0 0.8925 0.9475 0.215 0.105
0 0.14 0.1675 0.28 0.325
0 0.1 0.6225 0.2 0.525
0 0.6525 0.23 0.695 0.45
0 0.8 0.085 0.4 0.17
0 0.0575 0.16 0.115 0.32
2 0.9075 0.4425 0.175 0.835
0 0.49 0.97 0.81 0.06
0 0.1325 0.9425 0.265 0.115
0 0.9425 0.835 0.115 0.33
0 0.665 0.4575 0.6 0.825
0 0.31 0.955 0.62 0.09
0 0.3325 0.125 0.665 0.24
0 0.7675 0.695 0.465 0.52
0 0.9125 0.3025 0.175 0.475
0 0.44 0.0425 0.69 0.085
0 0.7675 0.95 0.455 0.1
0 0.1025 0.4025 0.205 0.415
0 0.345 0.8 0.69 0.4
0 0.62 0.06 0.76 0.12
0 0.6475 0.83 0.705 0.34
0 0.6375 0.5975 0.585 0.395
0 0.135 0.8 0.27 0.38
