0 0.23 0.085 0.46 0.17
0 0.9425 0.1075 0.115 0.215
0 0.51 0.5475 0.64 0.305
0 0.9575 0.865 0.085 0.27
2 0.9375 0.3475 0.125 0.625
0 0.9075 0.885 0.185 0.23
0 0.045 0.3125 0.08 0.435
0 0.3725 0.97 0.745 0.06
0 0.325 0.915 0.65 0.16
0 0.955 0.2575 0.09 0.465
0 0.1975 0.9325 0.365 0.135
0 0.6675 0.97 0.665 0.06
0 0.81 0.87 0.38 0.26
0 0.8075 0.125 0.385 0.25
0 0.825 0.5275 0.35 0.705
0 0.105 0.4775 0.21 0.485
0 0.125 0.05 0.25 0.1
0 0.9075 0.165 0.185 0.33
0 0.7025 0.03 0.595 0.06
0 0.42 0.1425 0.84 0.285
0 0.445 0.55 0.89 0.47
0 0.2475 0.0275 0.495 0.055
0 0.095 0.16 0.19 0.32
0 0.245 0.555 0.49 0.72
0 0.835 0.0575 0.33 0.115
0 0.2775 0.7775 0.555 0.445
0 0.3675 0.045 0.725 0.09
0 0.44 0.8675 0.87 0.265
0 0.7725 0.745 0.445 0.49
0 0.67 0.6025 0.66 0.515
0 0.84 0.9375 0.32 0.125
0 0.495 0.9525 0.8 0.095
0 0.1475 0.33 0.295 0.66
0 0.61 0.055 0.78 0.11
0 0.6075 0.915 0.785 0.17
0 0.5775 0.21 0.695 0.33
0 0.2875 0.4775 0.575 0.315
0 0.4875 0.725 0.975 0.53
0 0.7575 0.31 0.485 0.59
