0 0.8425 0.63 0.315 0.71
0 0.045 0.3325 0.09 0.405
0 0.81 0.14 0.38 0.27
0 0.5675 0.2175 0.385 0.355
0 0.0275 0.42 0.055 0.38
0 0.095 0.195 0.19 0.38
0 0.805 0.045 0.39 0.09
0 0.3525 0.45 0.705 0.43
0 0.3325 0.1275 0.665 0.255
0 0.22 0.0275 0.44 0.055
0 0.045 0.4925 0.09 0.355
0 0.7425 0.9675 0.515 0.065
0 0.78 0.8975 0.41 0.205
0 0.125 0.0525 0.25 0.105
2 0.965 0.3525 0.07 0.615
0 0.455 0.03 0.74 0.06
0 0.215 0.0625 0.43 0.125
0 0.19 0.2475 0.38 0.495
0 0.955 0.865 0.09 0.27
0 0.84 0.9525 0.32 0.095
0 0.275 0.97 0.55 0.06
0 0.9525 0.345 0.095 0.61
0 0.05 0.865 0.1 0.27
0 0.38 0.0675 0.46 0.135
0 0.415 0.925 0.83 0.15
0 0.945 0.6625 0.11 0.645
2 0.9425 0.8375 0.115 0.325
2 0.885 0.21 0.23 0.41
2 0.925 0.4125 0.15 0.825
0 0.9375 0.175 0.125 0.34
0 0.6625 0.1625 0.655 0.325
0 0.6325 0.05 0.685 0.1
0 0.42 0.9575 0.65 0.085
0 0.8625 0.8375 0.275 0.325
0 0.8775 0.225 0.245 0.45
2 0.955 0.5125 0.09 0.385
2 0.8625 0.8375 0.275 0.325
0 0.9525 0.5425 0.095 0.325
0 0.08 0.8125 0.16 0.375
0 0.42 0.6 0.84 0.45
0 0.66 0.5725 0.68 0.355
0 0.31 0.3275 0.58 0.405
0 0.2225 0.9375 0.435 0.125
0 0.1975 0.8425 0.395 0.315
0 0.695 0.94 0.61 0.12
0 0.52 0.09 0.83 0.18
2 0.94 0.235 0.12 0.46
0 0.455 0.2075 0.77 0.415
0 0.2275 0.66 0.455 0.44
0 0.7 0.8425 0.6 0.315
