0 0.97 0.685 0.06 0.53
0 0.0475 0.1875 0.095 0.375
0 0.955 0.1175 0.09 0.235
0 0.865 0.6 0.27 0.54
0 0.49 0.03 0.64 0.06
0 0.885 0.2025 0.23 0.405
0 0.83 0.0475 0.31 0.095
0 0.9725 0.1875 0.055 0.375
0 0.0675 0.4875 0.125 0.465
0 0.115 0.2725 0.23 0.545
0 0.6 0.9725 0.64 0.055
0 0.9175 0.065 0.165 0.13
0 0.565 0.755 0.58 0.4
0 0.085 0.515 0.17 0.76
0 0.325 0.9675 0.65 0.065
0 0.125 0.9175 0.25 0.165
0 0.81 0.7675 0.38 0.465
0 0.3425 0.8125 0.685 0.325
0 0.7775 0.9525 0.395 0.095
0 0.9525 0.795 0.095 0.41
0 0.525 0.24 0.8 0.47
0 0.2 0.7275 0.39 0.545
0 0.63 0.5925 0.47 0.425
0 0.24 0.945 0.47 0.11
0 0.6325 0.05 0.735 0.1
0 0.1475 0.8425 0.295 0.315
0 0.9475 0.42 0.105 0.41
0 0.475 0.9525 0.67 0.095
0 0.12 0.0575 0.24 0.115
0 0.2125 0.03 0.425 0.06
0 0.0625 0.31 0.125 0.5
0 0.945 0.23 0.11 0.46
0 0.6175 0.9225 0.625 0.155
0 0.3475 0.065 0.695 0.13
0 0.9 0.88 0.2 0.24
0 0.97 0.3275 0.06 0.345
0 0.34 0.9125 0.67 0.175
0 0.935 0.5575 0.13 0.515
0 0.705 0.17 0.59 0.34
0 0.2475 0.125 0.495 0.25
0 0.3075 0.2275 0.595 0.395
0 0.77 0.885 0.44 0.23
0 0.555 0.095 0.76 0.19
0 0.91 0.7375 0.18 0.525
0 0.1075 0.125 0.215 0.25
0 0.4075 0.66 0.785 0.49
