0 0.0275 0.4375 0.055 0.605
0 0.825 0.9675 0.35 0.065
1 0.7725 0.72 0.365 0.56
0 0.885 0.775 0.23 0.45
0 0.0275 0.7525 0.055 0.495
0 0.0625 0.5075 0.125 0.495
0 0.7525 0.725 0.345 0.43
0 0.1725 0.03 0.345 0.06
0 0.97 0.8625 0.06 0.275
0 0.065 0.0675 0.12 0.135
0 0.9125 0.475 0.175 0.6
0 0.0825 0.9225 0.165 0.155
0 0.1775 0.9525 0.355 0.095
0 0.31 0.1525 0.56 0.255
2 0.94 0.455 0.12 0.59
0 0.895 0.0875 0.21 0.175
0 0.48 0.8725 0.88 0.255
2 0.9175 0.7275 0.165 0.535
0 0.6525 0.955 0.595 0.09
0 0.0525 0.1875 0.095 0.375
0 0.915 0.26 0.17 0.51
0 0.9475 0.7675 0.105 0.445
2 0.97 0.795 0.06 0.35
0 0.0425 0.05 0.085 0.1
0 0.085 0.6875 0.16 0.565
0 0.185 0.2775 0.35 0.495
2 0.97 0.585 0.06 0.33
0 0.1 0.485 0.2 0.83
0 0.6475 0.915 0.705 0.17
0 0.05 0.865 0.1 0.27
0 0.7675 0.065 0.465 0.13
0 0.92 0.9375 0.16 0.125
0 0.04 0.1 0.08 0.2
0 0.1225 0.0575 0.245 0.115
0 0.2375 0.0475 0.475 0.095
0 0.58 0.03 0.78 0.06
0 0.51 0.1875 0.8 0.355
2 0.9575 0.6675 0.085 0.515
0 0.0525 0.345 0.105 0.43
0 0.6125 0.0925 0.775 0.185
0 0.205 0.0975 0.41 0.195
0 0.31 0.9675 0.6 0.065
0 0.9125 0.87 0.175 0.26
0 0.095 0.8425 0.19 0.315
0 0.7975 0.94 0.405 0.12
0 0.8525 0.1625 0.295 0.325
0 0.8375 0.38 0.325 0.76
0 0.8 0.85 0.4 0.3
0 0.45 0.0575 0.85 0.115
0 0.4175 0.945 0.815 0.11
0 0.08 0.1175 0.16 0.235
0 0.2675 0.4625 0.365 0.315
0 0.09 0.26 0.18 0.5
0 0.19 0.9 0.38 0.2
0 0.79 0.5625 0.4 0.345
0 0.2375 0.74 0.455 0.5
