0 0.8975 0.9025 0.205 0.195
0 0.545 0.95 0.64 0.1
0 0.12 0.4775 0.24 0.715
0 0.7325 0.0275 0.535 0.055
0 0.925 0.1875 0.15 0.375
0 0.1725 0.9725 0.345 0.055
0 0.0675 0.9 0.135 0.2
0 0.065 0.08 0.13 0.16
0 0.7975 0.9725 0.405 0.055
0 0.33 0.0475 0.66 0.095
0 0.8825 0.9525 0.235 0.095
0 0.8325 0.0475 0.325 0.085
0 0.1 0.6825 0.2 0.285
0 0.7575 0.12 0.485 0.24
0 0.22 0.03 0.44 0.06
0 0.11 0.945 0.22 0.11
0 0.385 0.0825 0.43 0.165
0 0.9475 0.3 0.105 0.43
0 0.8075 0.845 0.375 0.31
0 0.24 0.955 0.48 0.09
0 0.875 0.0975 0.25 0.195
0 0.6575 0.065 0.675 0.13
0 0.15 0.1325 0.3 0.255
0 0.13 0.06 0.26 0.12
0 0.05 0.8125 0.1 0.365
0 0.97 0.2025 0.06 0.345
0 0.22 0.0775 0.44 0.155
0 0.405 0.915 0.58 0.17
0 0.7125 0.6325 0.575 0.435
0 0.95 0.1275 0.1 0.255
0 0.565 0.88 0.76 0.24
0 0.105 0.805 0.21 0.39
0 0.1275 0.2575 0.255 0.485
0 0.62 0.165 0.68 0.33
0 0.6575 0.775 0.685 0.45
