0 0.7325 0.9825 0.535 0.035
0 0.9 0.0975 0.2 0.195
0 0.8175 0.0325 0.365 0.055
0 0.1025 0.065 0.205 0.13
0 0.805 0.42 0.39 0.49
0 0.9425 0.545 0.115 0.64
0 0.93 0.205 0.14 0.41
0 0.3425 0.885 0.685 0.23
0 0.935 0.065 0.13 0.13
0 0.29 0.6125 0.38 0.565
0 0.2825 0.03 0.565 0.06
0 0.0475 0.1175 0.095 0.235
0 0.0625 0.845 0.125 0.29
0 0.5975 0.9725 0.805 0.055
0 0.6825 0.14 0.375 0.28
0 0.6175 0.0275 0.765 0.055
0 0.9 0.8325 0.2 0.325
0 0.405 0.9475 0.79 0.105
0 0.275 0.97 0.55 0.06
0 0.79 0.955 0.42 0.09
0 0.79 0.8875 0.42 0.215
0 0.3375 0.185 0.675 0.35
0 0.8675 0.0475 0.255 0.095
0 0.4375 0.0475 0.795 0.095
0 0.5875 0.87 0.825 0.26
0 0.7325 0.0525 0.535 0.105
0 0.7025 0.1 0.595 0.19
0 0.8325 0.2075 0.335 0.415
0 0.23 0.07 0.46 0.14
0 0.87 0.5575 0.26 0.845
0 0.9 0.3375 0.2 0.575
0 0.295 0.7625 0.58 0.455
0 0.84 0.77 0.32 0.46
0 0.4525 0.1 0.835 0.2
0 0.305 0.49 0.59 0.64
0 0.6025 0.16 0.795 0.32
