0 0.9375 0.065 0.125 0.13
0 0.0575 0.7 0.115 0.37
0 0.7025 0.03 0.585 0.06
0 0.4725 0.97 0.505 0.06
0 0.6175 0.98 0.545 0.04
0 0.4225 0.9175 0.395 0.155
0 0.265 0.03 0.53 0.06
0 0.235 0.19 0.44 0.38
0 0.95 0.6375 0.1 0.425
0 0.205 0.975 0.41 0.05
0 0.16 0.3875 0.32 0.415
0 0.175 0.05 0.35 0.1
0 0.58 0.045 0.69 0.09
0 0.97 0.0775 0.06 0.155
0 0.5925 0.1925 0.605 0.345
0 0.3425 0.06 0.685 0.12
0 0.81 0.9725 0.38 0.055
0 0.1275 0.0975 0.255 0.195
0 0.315 0.8875 0.45 0.225
0 0.615 0.9575 0.49 0.085
0 0.8275 0.635 0.345 0.4
0 0.555 0.0875 0.83 0.175
0 0.745 0.71 0.32 0.33
0 0.2975 0.3425 0.595 0.465
0 0.3025 0.8 0.575 0.4
