0 0.17 0.5125 0.34 0.585
1 0.88 0.445 0.23 0.8
0 0.025 0.8525 0.05 0.215
0 0.9125 0.9575 0.175 0.085
0 0.655 0.345 0.69 0.39
0 0.8175 0.33 0.305 0.66
0 0.435 0.5125 0.51 0.645
0 0.6825 0.08 0.635 0.16
0 0.2975 0.62 0.385 0.57
0 0.8375 0.03 0.325 0.06
0 0.1425 0.9525 0.285 0.095
0 0.0925 0.3175 0.185 0.635
0 0.065 0.155 0.13 0.31
0 0.74 0.6675 0.52 0.545
0 0.2725 0.1725 0.495 0.335
0 0.065 0.435 0.13 0.41
0 0.9325 0.9175 0.135 0.165
0 0.9175 0.065 0.165 0.13
0 0.225 0.0325 0.45 0.065
0 0.6 0.0275 0.8 0.055
0 0.7575 0.0475 0.475 0.095
0 0.9075 0.7075 0.175 0.425
0 0.775 0.9675 0.45 0.065
0 0.065 0.8775 0.13 0.245
0 0.3925 0.8875 0.785 0.225
0 0.315 0.965 0.63 0.07
0 0.0425 0.81 0.085 0.27
0 0.065 0.7425 0.13 0.345
0 0.1975 0.9175 0.395 0.165
0 0.345 0.0475 0.68 0.095
0 0.1025 0.0925 0.205 0.185
0 0.9125 0.8425 0.175 0.315
0 0.83 0.94 0.34 0.12
0 0.565 0.97 0.59 0.06
0 0.6175 0.915 0.765 0.17
0 0.2625 0.4475 0.525 0.855
0 0.455 0.095 0.89 0.19
0 0.23 0.085 0.46 0.17
0 0.6875 0.9525 0.515 0.095
0 0.445 0.945 0.85 0.11
0 0.81 0.8825 0.38 0.235
0 0.6725 0.51 0.655 0.49
0 0.48 0.6575 0.95 0.455
0 0.47 0.195 0.94 0.39
0 0.7325 0.1675 0.535 0.325
0 0.46 0.41 0.92 0.5
