0 0.075 0.045 0.15 0.09
0 0.0575 0.9525 0.115 0.095
0 0.1225 0.8475 0.245 0.305
2 0.92 0.8825 0.16 0.235
0 0.1625 0.195 0.305 0.38
1 0.97 0.13 0.06 0.22
0 0.875 0.65 0.25 0.7
1 0.0925 0.1925 0.185 0.385
2 0.905 0.03 0.17 0.06
0 0.215 0.095 0.43 0.19
0 0.2725 0.8875 0.435 0.225
0 0.9725 0.595 0.055 0.23
0 0.095 0.12 0.19 0.24
0 0.595 0.975 0.56 0.05
0 0.9175 0.0825 0.165 0.165
0 0.0875 0.41 0.175 0.52
0 0.64 0.8825 0.72 0.235
0 0.94 0.1575 0.12 0.315
0 0.8975 0.2425 0.195 0.475
0 0.0475 0.815 0.095 0.37
2 0.95 0.7375 0.1 0.475
0 0.7925 0.525 0.415 0.67
0 0.965 0.8125 0.07 0.365
0 0.4375 0.0275 0.815 0.055
0 0.67 0.0625 0.66 0.125
0 0.8025 0.03 0.395 0.06
2 0.875 0.0475 0.24 0.095
0 0.93 0.9375 0.14 0.125
0 0.185 0.9275 0.32 0.145
0 0.78 0.145 0.35 0.29
0 0.49 0.22 0.62 0.44
0 0.24 0.295 0.42 0.54
0 0.05 0.545 0.09 0.4
0 0.45 0.7025 0.58 0.395
0 0.225 0.0325 0.45 0.065
0 0.925 0.565 0.15 0.41
0 0.0675 0.9 0.135 0.2
0 0.9125 0.875 0.175 0.25
2 0.91 0.9425 0.18 0.115
0 0.5075 0.9525 0.495 0.095
0 0.7775 0.905 0.435 0.18
0 0.85 0.06 0.3 0.12
0 0.1275 0.0575 0.255 0.115
0 0.78 0.97 0.44 0.06
0 0.65 0.375 0.7 0.61
0 0.4475 0.9175 0.735 0.165
0 0.15 0.97 0.3 0.06
0 0.8775 0.1225 0.245 0.245
0 0.35 0.0575 0.7 0.115
0 0.955 0.58 0.09 0.29
0 0.4825 0.0925 0.865 0.185
0 0.315 0.95 0.53 0.1
0 0.94 0.7475 0.12 0.505
0 0.84 0.9425 0.32 0.115
0 0.11 0.9425 0.22 0.115
0 0.27 0.7675 0.52 0.455
0 0.655 0.1625 0.69 0.325
0 0.3175 0.155 0.635 0.31
0 0.81 0.3 0.38 0.59
0 0.805 0.7575 0.39 0.455
0 0.3775 0.5525 0.745 0.625
