0 0.105 0.185 0.2 0.37
0 0.4925 0.9725 0.755 0.055
0 0.755 0.055 0.35 0.11
0 0.1575 0.4425 0.295 0.245
0 0.85 0.195 0.3 0.39
0 0.8225 0.0325 0.355 0.065
0 0.05 0.76 0.1 0.41
0 0.155 0.9225 0.31 0.155
0 0.155 0.755 0.31 0.38
0 0.94 0.6325 0.12 0.665
0 0.245 0.03 0.28 0.06
0 0.5975 0.03 0.805 0.06
0 0.955 0.7775 0.09 0.415
0 0.0875 0.6275 0.175 0.485
0 0.04 0.915 0.08 0.17
2 0.9675 0.1675 0.065 0.325
0 0.3075 0.8475 0.585 0.295
0 0.9575 0.1675 0.085 0.335
0 0.6825 0.1375 0.635 0.255
0 0.78 0.97 0.44 0.06
0 0.15 0.0325 0.3 0.065
0 0.7675 0.91 0.465 0.18
2 0.905 0.095 0.19 0.17
0 0.3175 0.2025 0.635 0.355
0 0.91 0.12 0.18 0.24
0 0.84 0.4775 0.32 0.465
0 0.0475 0.5975 0.095 0.405
0 0.8775 0.9425 0.245 0.115
0 0.595 0.95 0.71 0.1
0 0.235 0.97 0.47 0.06
0 0.74 0.72 0.52 0.33
0 0.9375 0.875 0.125 0.25
0 0.9125 0.4525 0.175 0.715
0 0.635 0.06 0.71 0.12
0 0.0675 0.1275 0.135 0.255
0 0.1025 0.06 0.205 0.12
0 0.325 0.0325 0.65 0.065
0 0.3425 0.9425 0.685 0.115
0 0.1025 0.9475 0.205 0.105
0 0.06 0.875 0.12 0.25
0 0.5475 0.6625 0.885 0.395
0 0.1625 0.1225 0.325 0.245
0 0.095 0.81 0.19 0.37
0 0.9325 0.235 0.135 0.46
0 0.585 0.375 0.31 0.75
0 0.2025 0.065 0.335 0.13
0 0.485 0.905 0.83 0.19
0 0.485 0.1625 0.55 0.315
0 0.2775 0.705 0.555 0.38
0 0.41 0.0825 0.77 0.165
0 0.84 0.0825 0.32 0.165
0 0.7175 0.56 0.565 0.47
0 0.235 0.3075 0.47 0.415
