0 0.23 0.59 0.46 0.74
0 0.7325 0.3875 0.535 0.495
0 0.6525 0.9125 0.695 0.175
0 0.9575 0.25 0.085 0.5
0 0.74 0.045 0.52 0.09
0 0.435 0.975 0.79 0.05
0 0.9375 0.4075 0.125 0.565
0 0.0475 0.525 0.095 0.61
0 0.9075 0.8425 0.185 0.305
0 0.8775 0.95 0.225 0.1
2 0.81 0.95 0.38 0.1
0 0.8775 0.12 0.245 0.22
2 0.935 0.88 0.13 0.23
0 0.48 0.9475 0.86 0.105
0 0.1125 0.4375 0.215 0.575
0 0.49 0.0925 0.78 0.185
0 0.7 0.9725 0.6 0.055
0 0.25 0.03 0.5 0.06
0 0.7675 0.0975 0.465 0.195
0 0.9425 0.13 0.115 0.26
0 0.6 0.4325 0.22 0.315
0 0.49 0.045 0.61 0.09
0 0.335 0.96 0.5 0.08
0 0.315 0.535 0.33 0.38
0 0.065 0.0825 0.13 0.165
0 0.315 0.89 0.53 0.22
0 0.6025 0.7025 0.665 0.365
2 0.87 0.91 0.26 0.18
0 0.595 0.185 0.39 0.35
0 0.845 0.915 0.31 0.17
0 0.2825 0.0575 0.565 0.115
0 0.2325 0.9325 0.455 0.135
0 0.8675 0.41 0.265 0.44
0 0.585 0.3025 0.26 0.605
