0 0.045 0.7575 0.09 0.455
0 0.7375 0.115 0.525 0.23
0 0.13 0.91 0.26 0.18
0 0.5375 0.39 0.635 0.4
0 0.9375 0.315 0.125 0.63
0 0.0675 0.31 0.135 0.33
0 0.13 0.3475 0.26 0.575
0 0.5625 0.0275 0.755 0.055
0 0.945 0.84 0.11 0.31
0 0.0475 0.5275 0.095 0.445
0 0.4 0.5475 0.69 0.335
0 0.9725 0.7375 0.055 0.455
0 0.22 0.225 0.41 0.45
0 0.3 0.925 0.6 0.14
0 0.9475 0.13 0.105 0.26
0 0.9075 0.765 0.185 0.47
0 0.295 0.0275 0.59 0.055
0 0.83 0.24 0.34 0.48
0 0.2975 0.9675 0.595 0.065
0 0.8725 0.0525 0.255 0.105
0 0.8825 0.955 0.225 0.09
1 0.8 0.5975 0.35 0.585
0 0.275 0.865 0.51 0.27
0 0.78 0.51 0.42 0.37
0 0.27 0.0925 0.54 0.185
0 0.705 0.955 0.58 0.09
0 0.1125 0.74 0.215 0.5
0 0.35 0.79 0.7 0.33
0 0.7025 0.0475 0.595 0.095
0 0.9175 0.5125 0.165 0.645
0 0.875 0.905 0.25 0.19
0 0.9525 0.6525 0.095 0.405
0 0.095 0.2075 0.19 0.415
0 0.3925 0.045 0.785 0.09
0 0.8375 0.4825 0.325 0.755
0 0.44 0.9525 0.74 0.095
0 0.645 0.23 0.71 0.41
0 0.555 0.08 0.87 0.16
0 0.83 0.6875 0.28 0.495
0 0.7375 0.83 0.515 0.34
0 0.4175 0.29 0.805 0.37
0 0.5175 0.91 0.925 0.18
0 0.2925 0.695 0.565 0.28
0 0.41 0.15 0.75 0.3
