0 0.0925 0.53 0.175 0.44
0 0.6325 0.975 0.605 0.05
0 0.7975 0.7025 0.405 0.455
5 0.695 0.485 0.2 0.7
0 0.0275 0.6025 0.055 0.355
0 0.2425 0.0275 0.485 0.055
0 0.36 0.0775 0.72 0.155
0 0.9175 0.05 0.165 0.1
0 0.8125 0.9675 0.375 0.065
0 0.5225 0.705 0.825 0.36
0 0.95 0.56 0.1 0.56
0 0.045 0.295 0.09 0.35
0 0.8025 0.1725 0.385 0.345
0 0.1275 0.94 0.255 0.12
0 0.0325 0.4575 0.065 0.395
0 0.69 0.0325 0.44 0.065
0 0.1675 0.3475 0.325 0.645
0 0.2625 0.97 0.525 0.06
0 0.84 0.0325 0.32 0.065
0 0.1275 0.0575 0.255 0.115
0 0.95 0.135 0.1 0.27
0 0.3475 0.04 0.645 0.08
0 0.3775 0.2975 0.365 0.555
0 0.91 0.8675 0.18 0.255
0 0.8725 0.945 0.255 0.11
0 0.88 0.0875 0.24 0.175
0 0.06 0.42 0.11 0.45
0 0.695 0.3625 0.27 0.295
0 0.24 0.935 0.48 0.13
0 0.9725 0.5425 0.055 0.425
0 0.6975 0.9575 0.605 0.085
0 0.27 0.4425 0.53 0.385
0 0.3075 0.195 0.615 0.36
0 0.155 0.165 0.31 0.31
0 0.94 0.735 0.12 0.48
0 0.0475 0.545 0.095 0.38
0 0.97 0.2225 0.06 0.355
0 0.3825 0.955 0.705 0.09
0 0.5825 0.045 0.705 0.09
0 0.0475 0.7425 0.095 0.415
0 0.58 0.195 0.77 0.34
0 0.775 0.055 0.44 0.11
0 0.0775 0.8675 0.155 0.265
0 0.7675 0.295 0.405 0.28
0 0.4125 0.9 0.765 0.2
0 0.2875 0.69 0.565 0.32
