0 0.9175 0.055 0.165 0.11
0 0.28 0.975 0.56 0.05
0 0.2075 0.04 0.375 0.07
0 0.24 0.505 0.48 0.28
0 0.67 0.24 0.66 0.35
0 0.9575 0.225 0.085 0.45
0 0.915 0.8 0.17 0.39
0 0.11 0.945 0.22 0.11
0 0.955 0.8675 0.09 0.265
0 0.975 0.31 0.05 0.49
0 0.1075 0.775 0.215 0.33
0 0.4625 0.225 0.585 0.36
0 0.045 0.4025 0.09 0.445
0 0.19 0.295 0.38 0.47
0 0.35 0.12 0.63 0.24
0 0.865 0.3725 0.27 0.735
0 0.865 0.945 0.27 0.11
0 0.615 0.775 0.77 0.45
0 0.1275 0.0575 0.255 0.115
0 0.6225 0.345 0.675 0.69
0 0.32 0.0275 0.64 0.055
0 0.5225 0.0425 0.375 0.085
0 0.8225 0.0475 0.355 0.095
0 0.4625 0.85 0.635 0.29
0 0.9725 0.1525 0.055 0.305
0 0.94 0.125 0.12 0.25
0 0.8075 0.565 0.385 0.67
0 0.6675 0.03 0.555 0.06
0 0.8325 0.185 0.315 0.36
0 0.2325 0.8875 0.465 0.215
0 0.8775 0.09 0.245 0.18
0 0.09 0.1225 0.18 0.245
0 0.3825 0.965 0.645 0.07
0 0.0625 0.27 0.125 0.41
0 0.7075 0.9525 0.535 0.095
0 0.385 0.055 0.77 0.11
0 0.8025 0.905 0.375 0.19
0 0.655 0.0525 0.68 0.105
0 0.66 0.885 0.68 0.23
0 0.445 0.9375 0.8 0.125
0 0.2425 0.945 0.485 0.11
0 0.8125 0.7775 0.375 0.425
0 0.66 0.5275 0.68 0.385
0 0.5225 0.3375 0.395 0.475
0 0.2275 0.75 0.455 0.26
