0 0.06 0.1275 0.12 0.255
0 0.5475 0.67 0.705 0.58
0 0.4525 0.0275 0.485 0.055
0 0.1675 0.1275 0.335 0.255
0 0.4125 0.0525 0.625 0.105
2 0.1225 0.765 0.245 0.47
0 0.84 0.7225 0.31 0.555
0 0.6725 0.1325 0.625 0.265
0 0.975 0.4725 0.05 0.425
0 0.21 0.0575 0.42 0.115
0 0.9725 0.26 0.055 0.47
0 0.845 0.1325 0.31 0.245
0 0.9325 0.1 0.135 0.2
0 0.7725 0.9725 0.435 0.055
0 0.5975 0.0475 0.465 0.095
0 0.7575 0.4725 0.375 0.385
0 0.915 0.2575 0.17 0.495
0 0.225 0.2325 0.43 0.465
0 0.0275 0.2425 0.055 0.485
0 0.545 0.9725 0.78 0.055
0 0.765 0.915 0.46 0.17
0 0.9075 0.8375 0.185 0.325
0 0.7675 0.0325 0.465 0.065
0 0.4225 0.9525 0.715 0.095
0 0.1625 0.94 0.325 0.12
0 0.825 0.36 0.29 0.33
0 0.685 0.955 0.63 0.09
0 0.9025 0.935 0.185 0.13
0 0.8725 0.07 0.255 0.14
0 0.52 0.9 0.94 0.2
0 0.7625 0.085 0.475 0.17
0 0.735 0.8075 0.53 0.375
0 0.725 0.5825 0.53 0.535
0 0.8125 0.25 0.375 0.47
