1 0.8825 0.64 0.235 0.72
0 0.525 0.025 0.66 0.05
0 0.8725 0.03 0.255 0.06
0 0.2675 0.03 0.535 0.06
0 0.955 0.1925 0.09 0.385
0 0.9225 0.3525 0.145 0.435
0 0.96 0.9125 0.08 0.175
0 0.9375 0.63 0.125 0.68
0 0.3975 0.0425 0.785 0.085
0 0.0275 0.7775 0.055 0.385
0 0.545 0.975 0.67 0.05
0 0.8 0.4175 0.4 0.385
0 0.74 0.0275 0.46 0.055
0 0.0925 0.7225 0.185 0.325
0 0.94 0.105 0.12 0.21
0 0.0625 0.8425 0.125 0.315
0 0.66 0.9175 0.68 0.165
0 0.8775 0.9525 0.245 0.095
0 0.81 0.97 0.38 0.06
0 0.7675 0.58 0.465 0.84
5 0.785 0.3125 0.41 0.445
0 0.9 0.49 0.19 0.57
0 0.0425 0.695 0.085 0.31
0 0.91 0.155 0.18 0.31
0 0.9025 0.8075 0.195 0.385
0 0.38 0.415 0.4 0.51
0 0.38 0.8975 0.76 0.205
0 0.085 0.9475 0.17 0.105
0 0.8425 0.055 0.315 0.11
0 0.45 0.955 0.65 0.09
0 0.2925 0.175 0.555 0.35
0 0.195 0.9525 0.39 0.095
0 0.7175 0.955 0.565 0.09
0 0.1925 0.53 0.385 0.52
0 0.295 0.0775 0.55 0.155
0 0.955 0.7775 0.09 0.425
0 0.8675 0.9 0.265 0.2
0 0.93 0.8775 0.14 0.245
0 0.8 0.73 0.39 0.44
0 0.865 0.3075 0.27 0.525
0 0.2575 0.3675 0.505 0.735
0 0.1925 0.8625 0.385 0.275
