0 0.9575 0.505 0.085 0.77
0 0.6975 0.685 0.605 0.45
0 0.0625 0.8675 0.125 0.265
0 0.475 0.835 0.74 0.3
2 0.9375 0.6325 0.125 0.695
0 0.235 0.975 0.47 0.05
0 0.3075 0.04 0.605 0.08
0 0.8275 0.03 0.345 0.06
0 0.7925 0.97 0.415 0.06
0 0.7875 0.915 0.425 0.17
0 0.755 0.4775 0.49 0.425
0 0.4925 0.9725 0.685 0.055
0 0.9175 0.42 0.165 0.69
0 0.965 0.8 0.07 0.37
0 0.8425 0.0625 0.295 0.125
0 0.88 0.2325 0.23 0.465
0 0.525 0.67 0.77 0.64
0 0.79 0.2175 0.42 0.395
0 0.9575 0.92 0.085 0.16
0 0.51 0.03 0.75 0.06
0 0.0975 0.13 0.195 0.26
0 0.705 0.045 0.59 0.09
0 0.92 0.935 0.16 0.13
0 0.875 0.88 0.25 0.24
0 0.835 0.13 0.33 0.25
0 0.6675 0.955 0.665 0.09
0 0.9325 0.77 0.135 0.46
0 0.845 0.655 0.3 0.52
0 0.2375 0.1025 0.475 0.205
0 0.5925 0.905 0.795 0.19
0 0.8375 0.945 0.325 0.11
0 0.31 0.385 0.52 0.4
0 0.485 0.0575 0.95 0.115
0 0.6825 0.1025 0.635 0.205
0 0.9425 0.8725 0.115 0.255
0 0.4575 0.125 0.855 0.25
0 0.8425 0.37 0.315 0.73
0 0.49 0.4425 0.92 0.445
0 0.1875 0.84 0.375 0.32
