0 0.085 0.96 0.17 0.08
0 0.8675 0.21 0.245 0.42
0 0.96 0.8775 0.08 0.245
0 0.235 0.895 0.37 0.17
0 0.9425 0.3725 0.115 0.665
0 0.0825 0.7325 0.165 0.535
0 0.0325 0.795 0.065 0.41
0 0.9725 0.6125 0.055 0.625
0 0.9725 0.235 0.055 0.43
0 0.0625 0.2225 0.125 0.445
0 0.74 0.8825 0.46 0.235
0 0.79 0.0275 0.42 0.055
0 0.6525 0.965 0.565 0.07
0 0.765 0.6325 0.46 0.675
0 0.0875 0.045 0.175 0.09
0 0.4575 0.3125 0.715 0.505
0 0.865 0.4575 0.25 0.715
0 0.8775 0.95 0.245 0.1
0 0.42 0.97 0.77 0.06
0 0.8775 0.055 0.245 0.11
0 0.095 0.1225 0.19 0.245
0 0.0425 0.9225 0.085 0.155
0 0.1475 0.0325 0.285 0.065
0 0.0325 0.4925 0.065 0.505
0 0.095 0.9225 0.19 0.155
0 0.77 0.1225 0.45 0.245
0 0.95 0.1675 0.1 0.335
0 0.9075 0.895 0.185 0.21
0 0.1 0.4075 0.2 0.735
0 0.58 0.0825 0.84 0.165
0 0.325 0.0325 0.65 0.065
0 0.6275 0.0425 0.745 0.085
0 0.3375 0.1125 0.675 0.205
0 0.525 0.945 0.75 0.11
0 0.0475 0.365 0.085 0.59
0 0.9175 0.6625 0.165 0.655
0 0.1825 0.95 0.365 0.1
0 0.8525 0.84 0.295 0.32
0 0.065 0.84 0.13 0.32
0 0.195 0.05 0.39 0.1
0 0.795 0.295 0.36 0.52
0 0.055 0.5875 0.11 0.375
0 0.7625 0.945 0.465 0.11
0 0.5825 0.1925 0.805 0.355
0 0.4375 0.055 0.875 0.11
0 0.905 0.1225 0.19 0.245
0 0.9375 0.81 0.125 0.37
0 0.13 0.2025 0.26 0.385
0 0.2 0.655 0.37 0.33
0 0.1925 0.8375 0.385 0.315
0 0.7275 0.7575 0.445 0.325
