0 0.8275 0.955 0.325 0.09
0 0.13 0.0575 0.26 0.115
0 0.8625 0.49 0.275 0.74
0 0.2775 0.03 0.555 0.06
0 0.2875 0.195 0.555 0.39
0 0.05 0.6375 0.1 0.405
0 0.2 0.9225 0.36 0.155
0 0.9375 0.1175 0.125 0.235
0 0.2025 0.72 0.405 0.53
0 0.865 0.03 0.27 0.06
0 0.2025 0.0825 0.405 0.165
0 0.025 0.6875 0.05 0.475
0 0.9025 0.9225 0.195 0.155
0 0.07 0.92 0.14 0.16
0 0.435 0.975 0.71 0.05
0 0.32 0.865 0.64 0.26
0 0.1175 0.8775 0.235 0.245
0 0.9175 0.0625 0.165 0.125
0 0.8575 0.7675 0.285 0.465
0 0.0825 0.7425 0.165 0.495
0 0.6375 0.5625 0.715 0.425
0 0.43 0.67 0.86 0.41
0 0.3225 0.9575 0.645 0.085
0 0.2025 0.97 0.405 0.06
0 0.51 0.035 0.65 0.07
0 0.8275 0.05 0.345 0.1
0 0.1275 0.945 0.255 0.11
0 0.2925 0.47 0.555 0.31
0 0.72 0.825 0.52 0.35
0 0.71 0.0325 0.52 0.065
0 0.06 0.8425 0.12 0.315
0 0.765 0.1225 0.47 0.245
0 0.3725 0.055 0.695 0.11
0 0.67 0.0625 0.62 0.125
0 0.4825 0.805 0.845 0.39
0 0.7675 0.6575 0.465 0.685
0 0.81 0.29 0.38 0.55
0 0.2675 0.3425 0.515 0.385
