0 0.335 0.81 0.31 0.38
0 0.1825 0.025 0.365 0.05
0 0.7 0.025 0.52 0.05
0 0.0975 0.8825 0.195 0.235
0 0.8925 0.0525 0.215 0.105
0 0.165 0.625 0.32 0.67
0 0.455 0.6675 0.5 0.595
0 0.91 0.155 0.18 0.31
0 0.07 0.07 0.14 0.14
0 0.76 0.1225 0.44 0.245
0 0.525 0.9575 0.51 0.085
0 0.9175 0.9425 0.165 0.115
0 0.61 0.08 0.78 0.16
0 0.9 0.8625 0.19 0.275
0 0.8425 0.085 0.315 0.17
0 0.76 0.37 0.44 0.36
0 0.045 0.5975 0.09 0.525
0 0.775 0.565 0.42 0.61
0 0.14 0.0525 0.28 0.105
0 0.8625 0.275 0.265 0.48
0 0.215 0.9675 0.43 0.065
0 0.67 0.9725 0.56 0.055
0 0.3675 0.875 0.535 0.25
0 0.525 0.03 0.7 0.06
0 0.385 0.13 0.77 0.25
0 0.8275 0.955 0.345 0.09
0 0.8125 0.035 0.355 0.07
0 0.1375 0.94 0.275 0.12
0 0.095 0.12 0.19 0.24
0 0.33 0.95 0.5 0.1
0 0.3 0.0325 0.6 0.065
0 0.2 0.8 0.39 0.4
0 0.1525 0.38 0.295 0.48
0 0.195 0.085 0.39 0.17
0 0.23 0.905 0.45 0.19
0 0.7325 0.0525 0.535 0.105
0 0.3875 0.0575 0.775 0.115
0 0.72 0.47 0.56 0.32
0 0.7225 0.2325 0.555 0.335
0 0.74 0.7275 0.52 0.365
