0 0.655 0.975 0.66 0.05
0 0.065 0.705 0.13 0.51
0 0.365 0.98 0.73 0.04
0 0.185 0.9725 0.37 0.055
0 0.455 0.865 0.75 0.27
0 0.27 0.225 0.23 0.28
0 0.44 0.405 0.6 0.33
0 0.2225 0.0425 0.445 0.085
0 0.66 0.0325 0.68 0.055
0 0.08 0.56 0.16 0.34
0 0.91 0.1625 0.18 0.325
0 0.84 0.08 0.3 0.16
0 0.0325 0.1375 0.065 0.275
0 0.1275 0.945 0.255 0.11
0 0.73 0.1275 0.54 0.255
0 0.05 0.83 0.1 0.33
0 0.775 0.9525 0.45 0.095
0 0.7625 0.5125 0.465 0.295
0 0.5275 0.5825 0.945 0.485
0 0.905 0.7275 0.19 0.545
1 0.705 0.705 0.52 0.58
0 0.9325 0.5175 0.135 0.465
0 0.8375 0.2875 0.325 0.575
0 0.3475 0.9175 0.695 0.155
0 0.7775 0.045 0.405 0.09
0 0.4925 0.9675 0.725 0.065
0 0.42 0.0275 0.75 0.055
0 0.5575 0.77 0.885 0.46
0 0.045 0.2025 0.09 0.335
0 0.2775 0.9525 0.485 0.095
0 0.8675 0.4725 0.245 0.415
0 0.685 0.8825 0.63 0.235
0 0.1825 0.1725 0.315 0.325
0 0.7725 0.7025 0.455 0.555
0 0.4875 0.095 0.805 0.19
0 0.6125 0.055 0.775 0.11
0 0.3475 0.5125 0.695 0.365
0 0.59 0.9375 0.78 0.125
0 0.85 0.88 0.29 0.24
0 0.2375 0.0875 0.465 0.175
0 0.3025 0.775 0.575 0.45
0 0.7075 0.2425 0.585 0.405
