0 0.085 0.77 0.17 0.29
0 0.31 0.685 0.5 0.46
2 0.0175 0.8625 0.035 0.235
0 0.6725 0.8325 0.385 0.335
0 0.065 0.0825 0.13 0.165
5 0.0625 0.505 0.115 0.53
0 0.1775 0.46 0.355 0.51
0 0.1325 0.94 0.265 0.12
0 0.9025 0.1325 0.175 0.265
0 0.6025 0.1375 0.795 0.275
0 0.0625 0.49 0.115 0.52
2 0.0575 0.845 0.115 0.31
0 0.265 0.9475 0.47 0.105
2 0.9525 0.53 0.075 0.57
0 0.865 0.22 0.25 0.44
0 0.2875 0.0275 0.575 0.055
0 0.1225 0.0575 0.245 0.115
0 0.06 0.8475 0.12 0.285
0 0.0275 0.8175 0.055 0.355
0 0.905 0.375 0.19 0.75
0 0.775 0.0475 0.45 0.095
0 0.4925 0.9575 0.785 0.085
0 0.6975 0.08 0.605 0.16
0 0.2775 0.975 0.535 0.05
0 0.26 0.3975 0.48 0.795
0 0.1025 0.385 0.195 0.61
0 0.8775 0.8375 0.245 0.325
2 0.0275 0.835 0.055 0.33
0 0.6825 0.335 0.635 0.46
0 0.3675 0.3475 0.735 0.415
0 0.49 0.03 0.67 0.06
0 0.9525 0.8625 0.095 0.275
0 0.17 0.8725 0.34 0.255
0 0.805 0.345 0.39 0.69
0 0.38 0.1 0.76 0.19
0 0.5125 0.74 0.975 0.36
0 0.9575 0.58 0.085 0.57
5 0.59 0.7825 0.82 0.315
0 0.2075 0.215 0.415 0.43
0 0.9425 0.7425 0.115 0.515
0 0.3425 0.575 0.685 0.38
0 0.485 0.0525 0.93 0.105
0 0.3075 0.8425 0.615 0.315
0 0.81 0.115 0.38 0.23
0 0.5025 0.4775 0.995 0.505
0 0.49 0.23 0.98 0.46
0 0.5875 0.8425 0.815 0.315
