0 0.0925 0.0675 0.175 0.135
0 0.665 0.0325 0.65 0.065
0 0.5925 0.91 0.755 0.18
0 0.1 0.185 0.2 0.37
0 0.3 0.265 0.57 0.45
0 0.85 0.1575 0.29 0.315
0 0.9375 0.05 0.125 0.09
0 0.5925 0.1575 0.385 0.295
0 0.9675 0.365 0.065 0.46
0 0.5425 0.795 0.865 0.33
2 0.97 0.9325 0.06 0.135
0 0.67 0.075 0.65 0.15
0 0.96 0.53 0.08 0.39
0 0.275 0.95 0.44 0.1
0 0.37 0.825 0.33 0.35
0 0.9525 0.685 0.095 0.54
0 0.7025 0.21 0.415 0.3
0 0.935 0.9175 0.13 0.165
0 0.7475 0.745 0.505 0.49
0 0.4925 0.9725 0.765 0.055
0 0.63 0.4225 0.37 0.265
0 0.8275 0.97 0.345 0.06
0 0.9325 0.13 0.135 0.26
0 0.88 0.055 0.24 0.11
0 0.265 0.0575 0.51 0.115
0 0.935 0.455 0.13 0.39
0 0.0675 0.12 0.135 0.24
0 0.3275 0.03 0.655 0.06
0 0.88 0.945 0.24 0.11
0 0.2275 0.16 0.455 0.32
0 0.9425 0.3275 0.115 0.315
0 0.67 0.95 0.61 0.1
0 0.915 0.5875 0.17 0.495
0 0.81 0.5925 0.38 0.295
0 0.4225 0.0875 0.845 0.175
0 0.9025 0.875 0.195 0.25
0 0.77 0.88 0.46 0.24
0 0.49 0.045 0.75 0.09
0 0.16 0.0925 0.32 0.185
0 0.2575 0.87 0.425 0.26
0 0.915 0.225 0.17 0.44
0 0.8825 0.735 0.235 0.49
0 0.3675 0.7025 0.435 0.575
0 0.48 0.185 0.79 0.34
0 0.4675 0.3725 0.635 0.335
