0 0.0425 0.155 0.085 0.31
0 0.1675 0.1275 0.335 0.255
0 0.1225 0.95 0.245 0.1
0 0.8825 0.9525 0.225 0.095
0 0.29 0.04 0.45 0.08
0 0.88 0.0525 0.24 0.105
0 0.0375 0.065 0.065 0.13
0 0.0275 0.6525 0.055 0.455
0 0.695 0.8125 0.61 0.365
0 0.9575 0.0575 0.065 0.115
0 0.3275 0.7275 0.655 0.485
0 0.815 0.03 0.37 0.06
0 0.775 0.97 0.45 0.06
0 0.345 0.49 0.44 0.61
0 0.06 0.4575 0.12 0.275
0 0.8675 0.4925 0.235 0.515
0 0.935 0.0825 0.13 0.165
0 0.0625 0.08 0.125 0.16
0 0.025 0.2225 0.05 0.405
0 0.9675 0.1675 0.065 0.335
0 0.265 0.9725 0.53 0.055
0 0.0475 0.745 0.095 0.47
0 0.5975 0.1625 0.775 0.305
0 0.5275 0.03 0.875 0.06
0 0.875 0.905 0.25 0.19
0 0.05 0.2775 0.1 0.445
0 0.6875 0.05 0.545 0.1
0 0.8725 0.265 0.255 0.53
0 0.66 0.6325 0.68 0.525
0 0.385 0.915 0.77 0.16
0 0.4725 0.3625 0.585 0.455
0 0.2 0.0625 0.4 0.125
0 0.675 0.955 0.65 0.09
0 0.805 0.38 0.39 0.48
0 0.2375 0.2125 0.415 0.425
0 0.45 0.06 0.85 0.12
0 0.825 0.135 0.35 0.27
0 0.095 0.8275 0.19 0.345
0 0.9175 0.1625 0.165 0.325
0 0.2075 0.795 0.415 0.39
0 0.5825 0.8875 0.835 0.225
0 0.665 0.1275 0.43 0.255
0 0.8075 0.7025 0.385 0.565
0 0.4175 0.22 0.575 0.44
