0 0.04 0.0875 0.08 0.175
0 0.2475 0.9725 0.495 0.055
0 0.765 0.1875 0.25 0.285
0 0.795 0.9725 0.41 0.055
0 0.2625 0.045 0.335 0.09
0 0.745 0.8525 0.34 0.255
0 0.2225 0.815 0.415 0.37
2 0.9725 0.8775 0.055 0.245
0 0.12 0.4175 0.23 0.615
0 0.925 0.0575 0.15 0.115
0 0.8625 0.275 0.275 0.36
2 0.9675 0.155 0.065 0.31
0 0.615 0.065 0.33 0.13
0 0.7825 0.0575 0.365 0.105
2 0.81 0.19 0.26 0.35
0 0.97 0.54 0.06 0.39
0 0.245 0.665 0.49 0.41
0 0.955 0.76 0.08 0.45
0 0.205 0.115 0.38 0.23
0 0.61 0.9225 0.78 0.155
0 0.4425 0.0425 0.405 0.085
2 0.9675 0.29 0.065 0.32
0 0.9075 0.8 0.185 0.4
0 0.9675 0.2425 0.065 0.435
0 0.9725 0.835 0.055 0.33
2 0.925 0.2775 0.15 0.345
0 0.8675 0.155 0.265 0.31
0 0.55 0.9425 0.44 0.105
0 0.7425 0.03 0.515 0.06
0 0.95 0.51 0.1 0.58
0 0.05 0.05 0.1 0.1
0 0.945 0.875 0.11 0.25
0 0.925 0.2125 0.14 0.425
2 0.9675 0.435 0.065 0.29
0 0.105 0.0525 0.21 0.105
0 0.2225 0.4425 0.445 0.725
0 0.7075 0.165 0.535 0.33
0 0.22 0.495 0.39 0.34
0 0.35 0.94 0.7 0.12
0 0.5575 0.2425 0.295 0.485
0 0.695 0.9575 0.61 0.085
0 0.4775 0.0825 0.575 0.165
0 0.18 0.0325 0.36 0.065
0 0.8275 0.895 0.345 0.21
0 0.9425 0.1275 0.115 0.255
0 0.945 0.315 0.11 0.39
0 0.385 0.75 0.77 0.45
0 0.3575 0.545 0.715 0.33
0 0.885 0.085 0.23 0.17
2 0.9475 0.3675 0.105 0.355
0 0.31 0.0575 0.59 0.115
0 0.8175 0.77 0.355 0.46
0 0.7375 0.0825 0.525 0.165
0 0.3725 0.875 0.735 0.25
0 0.1625 0.265 0.325 0.49
2 0.7925 0.2325 0.205 0.195
0 0.5675 0.3975 0.305 0.215
