0 0.9025 0.19 0.185 0.38
0 0.1975 0.0775 0.395 0.155
0 0.88 0.085 0.24 0.17
0 0.79 0.03 0.42 0.06
0 0.4125 0.2175 0.695 0.345
0 0.8075 0.8975 0.385 0.205
0 0.4725 0.03 0.755 0.06
0 0.0525 0.4425 0.105 0.375
0 0.9575 0.1875 0.085 0.375
0 0.935 0.0675 0.13 0.135
0 0.18 0.03 0.36 0.06
0 0.0625 0.12 0.125 0.24
0 0.615 0.08 0.77 0.15
0 0.03 0.2925 0.06 0.405
0 0.92 0.385 0.16 0.53
0 0.125 0.055 0.25 0.11
0 0.9375 0.775 0.125 0.4
0 0.405 0.87 0.72 0.25
0 0.73 0.2025 0.54 0.405
0 0.4575 0.955 0.795 0.09
0 0.705 0.045 0.59 0.09
0 0.045 0.205 0.09 0.37
0 0.525 0.135 0.84 0.25
0 0.7025 0.9525 0.595 0.095
0 0.415 0.055 0.83 0.11
0 0.6275 0.405 0.585 0.38
0 0.92 0.6225 0.16 0.685
0 0.61 0.92 0.78 0.16
0 0.5725 0.3 0.855 0.53
0 0.41 0.56 0.58 0.49
