0 0.83 0.1575 0.29 0.315
0 0.87 0.665 0.26 0.6
0 0.5125 0.13 0.375 0.25
0 0.1475 0.705 0.275 0.52
0 0.875 0.0525 0.25 0.105
0 0.105 0.94 0.21 0.12
0 0.065 0.9025 0.13 0.195
0 0.6325 0.0275 0.735 0.055
0 0.96 0.17 0.08 0.34
0 0.0975 0.3725 0.195 0.515
0 0.33 0.63 0.66 0.53
0 0.6725 0.1 0.615 0.19
0 0.9075 0.125 0.185 0.25
0 0.06 0.1675 0.12 0.315
0 0.87 0.905 0.26 0.19
0 0.2 0.955 0.4 0.09
0 0.975 0.255 0.05 0.41
0 0.69 0.0525 0.53 0.105
0 0.885 0.51 0.22 0.35
0 0.1525 0.885 0.305 0.23
0 0.335 0.0925 0.65 0.175
0 0.5075 0.97 0.865 0.06
0 0.05 0.295 0.1 0.4
0 0.3925 0.945 0.785 0.11
0 0.7125 0.195 0.575 0.39
0 0.28 0.165 0.45 0.32
0 0.76 0.9325 0.46 0.135
0 0.4025 0.8675 0.805 0.265
0 0.675 0.88 0.65 0.24
0 0.4925 0.145 0.905 0.29
0 0.7025 0.625 0.595 0.46
