0 0.045 0.17 0.09 0.33
0 0.935 0.9325 0.13 0.135
0 0.275 0.6 0.48 0.39
0 0.9675 0.8325 0.065 0.325
0 0.83 0.03 0.33 0.06
0 0.125 0.865 0.25 0.27
0 0.3175 0.0325 0.585 0.065
0 0.775 0.885 0.45 0.23
0 0.88 0.7725 0.24 0.445
0 0.0875 0.1925 0.175 0.385
0 0.7275 0.125 0.545 0.25
0 0.225 0.315 0.45 0.51
0 0.61 0.2425 0.78 0.425
0 0.78 0.9675 0.44 0.065
0 0.1975 0.0525 0.375 0.105
0 0.8675 0.475 0.265 0.63
0 0.92 0.625 0.16 0.7
0 0.875 0.0575 0.25 0.115
0 0.8325 0.1 0.325 0.2
0 0.06 0.8775 0.12 0.245
0 0.95 0.2575 0.1 0.505
0 0.0625 0.2925 0.115 0.425
0 0.31 0.9525 0.53 0.095
0 0.625 0.0325 0.75 0.065
0 0.73 0.0625 0.5 0.125
0 0.97 0.58 0.06 0.54
0 0.58 0.8675 0.72 0.265
0 0.1375 0.935 0.275 0.13
0 0.9425 0.7775 0.115 0.415
0 0.91 0.3325 0.18 0.615
0 0.84 0.94 0.32 0.12
0 0.5275 0.97 0.725 0.06
0 0.8975 0.16 0.205 0.32
0 0.6625 0.945 0.605 0.11
0 0.3475 0.485 0.665 0.47
0 0.4375 0.05 0.765 0.1
0 0.905 0.8725 0.19 0.255
0 0.9525 0.45 0.095 0.51
0 0.375 0.195 0.75 0.39
0 0.52 0.09 0.93 0.18
0 0.2375 0.8975 0.475 0.205
0 0.3425 0.725 0.545 0.53
