0 0.84 0.9025 0.31 0.195
0 0.8 0.08 0.35 0.16
0 0.045 0.365 0.09 0.51
0 0.15 0.97 0.3 0.06
0 0.68 0.9775 0.59 0.045
0 0.9425 0.275 0.115 0.48
0 0.1225 0.055 0.245 0.11
0 0.505 0.97 0.67 0.06
0 0.955 0.7975 0.09 0.395
0 0.835 0.68 0.33 0.64
2 0.95 0.3175 0.1 0.325
0 0.9225 0.67 0.145 0.63
0 0.635 0.9075 0.73 0.175
0 0.0575 0.525 0.115 0.59
0 0.0425 0.05 0.085 0.1
0 0.5725 0.1 0.855 0.2
0 0.94 0.485 0.12 0.47
0 0.4375 0.5275 0.795 0.325
0 0.2675 0.0725 0.525 0.145
0 0.0625 0.0825 0.125 0.165
0 0.2425 0.9225 0.445 0.155
0 0.91 0.84 0.18 0.32
0 0.3125 0.0275 0.615 0.055
0 0.8475 0.49 0.305 0.42
0 0.735 0.045 0.53 0.09
0 0.1275 0.94 0.255 0.12
0 0.8275 0.955 0.345 0.09
0 0.0825 0.9 0.165 0.2
0 0.355 0.7775 0.71 0.385
0 0.6 0.4575 0.8 0.415
0 0.305 0.965 0.61 0.07
0 0.53 0.3275 0.84 0.405
0 0.3325 0.14 0.665 0.28
0 0.9075 0.175 0.185 0.35
0 0.2375 0.6675 0.455 0.315
2 0.94 0.1925 0.12 0.385
0 0.3475 0.89 0.695 0.21
0 0.6575 0.63 0.655 0.56
0 0.4875 0.05 0.965 0.1
0 0.6275 0.7925 0.745 0.345
0 0.03 0.4725 0.06 0.455
0 0.7625 0.1675 0.475 0.335
0 0.65 0.9525 0.64 0.095
0 0.2125 0.2275 0.425 0.455
0 0.42 0.9425 0.84 0.115
0 0.7725 0.8475 0.445 0.305
0 0.5075 0.195 0.985 0.39
0 0.4575 0.65 0.915 0.32
