0 0.82 0.7625 0.36 0.425
0 0.5575 0.3775 0.385 0.465
1 0.0925 0.48 0.185 0.47
0 0.1325 0.8775 0.265 0.245
0 0.1 0.085 0.2 0.17
0 0.8275 0.0325 0.345 0.065
0 0.08 0.3825 0.16 0.275
0 0.9725 0.3825 0.055 0.635
0 0.1825 0.9675 0.365 0.065
0 0.135 0.9475 0.27 0.105
0 0.6875 0.3125 0.505 0.585
1 0.1975 0.4825 0.345 0.655
0 0.9525 0.79 0.095 0.42
0 0.975 0.6875 0.05 0.605
0 0.4225 0.9225 0.845 0.155
0 0.045 0.2575 0.09 0.375
0 0.4225 0.78 0.385 0.44
2 0.9875 0.2925 0.025 0.535
0 0.5975 0.9525 0.745 0.095
0 0.8575 0.5075 0.285 0.385
0 0.3825 0.67 0.765 0.36
0 0.935 0.6675 0.13 0.595
0 0.895 0.06 0.21 0.12
0 0.32 0.03 0.64 0.06
0 0.74 0.97 0.52 0.06
0 0.9325 0.9175 0.135 0.165
0 0.435 0.97 0.65 0.06
0 0.86 0.3125 0.28 0.625
2 0.97 0.3325 0.06 0.655
0 0.63 0.03 0.74 0.06
0 0.2 0.0575 0.39 0.115
0 0.665 0.7375 0.58 0.425
5 0.8 0.79 0.25 0.39
0 0.245 0.4075 0.49 0.765
0 0.81 0.7975 0.21 0.365
5 0.375 0.635 0.75 0.39
0 0.7675 0.0525 0.465 0.105
0 0.455 0.5475 0.87 0.425
0 0.1225 0.17 0.245 0.33
0 0.77 0.1225 0.46 0.245
0 0.2875 0.955 0.575 0.09
0 0.81 0.945 0.38 0.11
0 0.9 0.795 0.2 0.4
0 0.295 0.86 0.59 0.28
0 0.4375 0.0625 0.875 0.125
0 0.955 0.2225 0.09 0.395
0 0.3125 0.445 0.625 0.39
0 0.515 0.1225 0.87 0.245
0 0.9125 0.445 0.175 0.6
0 0.8975 0.165 0.205 0.33
0 0.275 0.1525 0.55 0.295
0 0.455 0.795 0.91 0.4
0 0.4475 0.3375 0.855 0.505
