0 0.6325 0.025 0.615 0.05
0 0.6125 0.845 0.695 0.28
0 0.96 0.775 0.08 0.34
0 0.1675 0.12 0.335 0.22
0 0.9725 0.8475 0.055 0.285
0 0.9725 0.2575 0.055 0.445
0 0.5975 0.9775 0.675 0.045
0 0.885 0.87 0.21 0.26
0 0.0575 0.2025 0.115 0.265
0 0.03 0.39 0.06 0.41
0 0.805 0.1475 0.39 0.295
0 0.33 0.075 0.66 0.15
0 0.9125 0.1525 0.175 0.305
0 0.415 0.665 0.37 0.35
4 0.9475 0.855 0.105 0.28
0 0.2725 0.9525 0.485 0.095
0 0.9425 0.88 0.115 0.23
0 0.0775 0.53 0.155 0.44
0 0.26 0.0425 0.52 0.085
0 0.8075 0.56 0.385 0.81
0 0.7825 0.965 0.435 0.07
0 0.8025 0.695 0.395 0.34
0 0.4175 0.97 0.645 0.06
0 0.1325 0.3675 0.265 0.365
0 0.8675 0.9425 0.265 0.115
0 0.12 0.7 0.24 0.59
0 0.2325 0.9075 0.465 0.185
0 0.085 0.1325 0.17 0.265
0 0.68 0.945 0.64 0.11
0 0.125 0.875 0.25 0.25
0 0.6325 0.725 0.715 0.37
0 0.6225 0.14 0.575 0.28
