0 0.1275 0.9425 0.255 0.115
0 0.0625 0.8325 0.125 0.285
0 0.51 0.835 0.7 0.31
0 0.25 0.4875 0.5 0.385
0 0.94 0.4875 0.11 0.655
0 0.4925 0.975 0.735 0.05
0 0.6475 0.75 0.385 0.5
0 0.06 0.0525 0.12 0.095
0 0.23 0.19 0.46 0.38
2 0.94 0.8325 0.12 0.335
0 0.0275 0.26 0.055 0.51
0 0.915 0.2825 0.16 0.565
0 0.74 0.9725 0.52 0.055
0 0.84 0.0475 0.32 0.095
0 0.655 0.565 0.69 0.48
0 0.245 0.9725 0.49 0.055
0 0.7775 0.9375 0.385 0.125
0 0.7225 0.03 0.535 0.06
0 0.7675 0.805 0.465 0.39
2 0.87 0.8775 0.26 0.235
0 0.245 0.0275 0.49 0.055
0 0.3525 0.045 0.705 0.09
0 0.2375 0.78 0.475 0.34
0 0.0525 0.3275 0.105 0.425
0 0.06 0.125 0.12 0.25
0 0.9175 0.0825 0.165 0.165
0 0.83 0.2975 0.34 0.595
0 0.36 0.955 0.72 0.09
0 0.675 0.12 0.65 0.24
0 0.195 0.095 0.39 0.19
0 0.835 0.88 0.33 0.24
0 0.1275 0.0575 0.255 0.115
0 0.6875 0.905 0.625 0.19
0 0.1175 0.16 0.235 0.32
0 0.6275 0.9575 0.745 0.085
0 0.685 0.0575 0.63 0.115
0 0.3725 0.745 0.745 0.47
0 0.205 0.625 0.41 0.46
0 0.2025 0.3375 0.345 0.655
0 0.6125 0.735 0.775 0.53
0 0.67 0.2575 0.62 0.495
