0 0.97 0.705 0.06 0.58
0 0.8425 0.805 0.315 0.39
0 0.045 0.7775 0.09 0.425
0 0.7075 0.7825 0.385 0.415
0 0.095 0.255 0.19 0.46
0 0.765 0.29 0.47 0.39
0 0.2175 0.9725 0.435 0.055
0 0.5475 0.765 0.385 0.39
0 0.88 0.58 0.24 0.84
0 0.7325 0.88 0.535 0.24
0 0.49 0.6375 0.74 0.455
0 0.06 0.05 0.12 0.1
0 0.205 0.03 0.41 0.06
0 0.04 0.0825 0.08 0.165
1 0.935 0.81 0.13 0.37
0 0.3125 0.955 0.445 0.09
0 0.03 0.1675 0.06 0.305
0 0.1275 0.9475 0.255 0.105
0 0.9375 0.615 0.125 0.57
0 0.7775 0.0725 0.445 0.135
0 0.88 0.1975 0.24 0.395
0 0.17 0.6825 0.34 0.635
0 0.9375 0.08 0.125 0.16
5 0.4075 0.49 0.815 0.23
0 0.6825 0.9575 0.635 0.085
0 0.315 0.045 0.51 0.09
0 0.0575 0.12 0.115 0.24
0 0.44 0.1 0.79 0.2
0 0.9375 0.8025 0.125 0.385
0 0.395 0.7725 0.38 0.415
0 0.725 0.6725 0.55 0.655
0 0.5075 0.9725 0.855 0.055
0 0.695 0.035 0.61 0.07
0 0.9 0.725 0.18 0.5
0 0.165 0.06 0.33 0.12
0 0.3425 0.2725 0.555 0.385
0 0.6575 0.38 0.685 0.39
0 0.6325 0.14 0.735 0.28
0 0.8725 0.055 0.255 0.11
0 0.55 0.0575 0.89 0.115
0 0.55 0.4825 0.89 0.315
0 0.5475 0.2575 0.865 0.485
0 0.5475 0.7775 0.905 0.405
