5 0.3625 0.2975 0.725 0.405
0 0.58 0.975 0.66 0.05
0 0.96 0.9225 0.08 0.155
0 0.7075 0.0475 0.555 0.095
0 0.9525 0.315 0.095 0.63
0 0.9425 0.665 0.115 0.57
0 0.7075 0.9225 0.305 0.155
2 0.9325 0.96 0.135 0.08
0 0.9175 0.9425 0.165 0.115
0 0.2675 0.03 0.535 0.06
0 0.1875 0.9675 0.375 0.065
0 0.4025 0.9175 0.755 0.165
0 0.2225 0.87 0.435 0.25
0 0.3825 0.42 0.765 0.34
2 0.85 0.96 0.28 0.08
0 0.79 0.4175 0.33 0.465
0 0.085 0.94 0.17 0.12
0 0.94 0.8775 0.12 0.245
0 0.6575 0.0875 0.685 0.155
0 0.845 0.89 0.3 0.22
0 0.0625 0.125 0.125 0.25
0 0.9025 0.235 0.195 0.47
0 0.3475 0.97 0.555 0.06
0 0.5275 0.2375 0.695 0.415
0 0.4725 0.955 0.595 0.09
0 0.3225 0.1025 0.645 0.185
0 0.1575 0.065 0.315 0.13
0 0.93 0.4675 0.14 0.485
0 0.3225 0.295 0.645 0.38
0 0.525 0.03 0.81 0.06
0 0.905 0.825 0.19 0.34
0 0.7325 0.1575 0.525 0.305
0 0.265 0.945 0.52 0.11
0 0.8275 0.7725 0.345 0.445
0 0.81 0.945 0.36 0.11
0 0.4525 0.0625 0.885 0.125
0 0.2 0.135 0.39 0.27
0 0.875 0.3825 0.25 0.605
0 0.48 0.135 0.93 0.27
0 0.9 0.6125 0.2 0.765
0 0.2625 0.7525 0.515 0.405
