0 0.0975 0.0425 0.195 0.085
0 0.935 0.9375 0.13 0.125
0 0.475 0.9575 0.63 0.065
0 0.9 0.4725 0.19 0.515
0 0.0425 0.62 0.085 0.37
0 0.0575 0.2 0.115 0.4
0 0.45 0.0225 0.62 0.045
0 0.3975 0.38 0.745 0.4
0 0.9725 0.8125 0.055 0.365
0 0.6975 0.12 0.525 0.24
0 0.195 0.955 0.39 0.09
0 0.0575 0.9175 0.115 0.165
0 0.035 0.1225 0.07 0.245
0 0.705 0.365 0.57 0.61
0 0.4675 0.645 0.615 0.43
0 0.9375 0.865 0.125 0.26
0 0.0475 0.8325 0.095 0.335
0 0.8075 0.1825 0.385 0.345
0 0.46 0.89 0.65 0.2
0 0.1625 0.8125 0.325 0.375
0 0.3425 0.945 0.685 0.11
0 0.8 0.05 0.4 0.1
0 0.2975 0.9725 0.595 0.055
0 0.255 0.03 0.51 0.06
0 0.3875 0.0925 0.775 0.175
0 0.6675 0.9675 0.665 0.065
0 0.1025 0.9425 0.205 0.115
0 0.385 0.0475 0.72 0.095
0 0.8375 0.9425 0.325 0.115
0 0.6425 0.9175 0.715 0.165
0 0.8725 0.6375 0.255 0.725
0 0.655 0.0325 0.61 0.065
0 0.095 0.8675 0.19 0.265
0 0.3 0.2475 0.56 0.415
0 0.1675 0.0575 0.335 0.115
0 0.06 0.0825 0.12 0.165
0 0.3275 0.845 0.655 0.31
0 0.875 0.305 0.25 0.57
0 0.62 0.5625 0.76 0.445
0 0.6025 0.0625 0.735 0.125
0 0.1375 0.495 0.275 0.41
0 0.8725 0.83 0.255 0.34
0 0.515 0.2575 0.87 0.505
