2 0.9725 0.825 0.055 0.35
0 0.88 0.81 0.24 0.37
2 0.97 0.38 0.06 0.49
0 0.4075 0.8475 0.815 0.305
2 0.9325 0.4875 0.125 0.675
0 0.0825 0.0325 0.165 0.065
0 0.1675 0.2625 0.335 0.485
1 0.42 0.1525 0.66 0.305
0 0.385 0.1525 0.71 0.295
0 0.4025 0.0275 0.745 0.055
0 0.81 0.6 0.38 0.65
0 0.76 0.8975 0.48 0.195
0 0.9375 0.33 0.125 0.55
0 0.92 0.0675 0.16 0.135
0 0.97 0.76 0.06 0.45
0 0.9375 0.8675 0.125 0.265
0 0.545 0.91 0.56 0.16
0 0.05 0.8675 0.1 0.255
2 0.9775 0.2375 0.045 0.345
0 0.0625 0.2375 0.125 0.455
0 0.825 0.0325 0.35 0.065
0 0.2775 0.97 0.555 0.06
0 0.6575 0.0425 0.685 0.085
0 0.9 0.92 0.2 0.16
0 0.165 0.9375 0.33 0.125
0 0.045 0.7425 0.09 0.445
0 0.0775 0.4725 0.155 0.335
0 0.2 0.03 0.4 0.06
0 0.8675 0.1175 0.265 0.235
0 0.545 0.9675 0.57 0.065
0 0.9425 0.125 0.115 0.25
0 0.78 0.35 0.42 0.48
0 0.915 0.1975 0.17 0.385
0 0.0975 0.66 0.195 0.41
0 0.935 0.54 0.13 0.64
0 0.8275 0.9525 0.315 0.095
0 0.105 0.8825 0.21 0.235
0 0.225 0.735 0.45 0.53
0 0.355 0.2975 0.71 0.395
0 0.865 0.4725 0.24 0.615
0 0.45 0.0575 0.88 0.115
0 0.115 0.055 0.23 0.11
0 0.9625 0.2425 0.075 0.405
0 0.095 0.125 0.19 0.25
2 0.9575 0.2225 0.085 0.405
0 0.3875 0.9375 0.775 0.125
0 0.8025 0.065 0.395 0.13
0 0.1175 0.3725 0.235 0.405
0 0.8 0.1875 0.4 0.375
0 0.665 0.9425 0.67 0.115
0 0.24 0.3825 0.48 0.365
0 0.73 0.8 0.54 0.4
0 0.23 0.8875 0.46 0.225
0 0.6075 0.3625 0.785 0.345
0 0.625 0.13 0.74 0.26
0 0.705 0.6625 0.59 0.365
