0 0.625 0.9275 0.65 0.145
0 0.335 0.03 0.61 0.05
0 0.9575 0.215 0.085 0.43
0 0.79 0.4425 0.17 0.295
0 0.025 0.5625 0.05 0.395
0 0.0575 0.1975 0.115 0.385
0 0.845 0.87 0.31 0.26
0 0.9375 0.935 0.125 0.13
0 0.9125 0.32 0.175 0.31
0 0.1525 0.94 0.305 0.12
0 0.3325 0.9175 0.665 0.165
0 0.195 0.2 0.39 0.33
0 0.975 0.49 0.05 0.49
0 0.04 0.4775 0.08 0.445
0 0.1275 0.055 0.255 0.11
0 0.92 0.0825 0.16 0.165
0 0.7675 0.9775 0.465 0.045
0 0.3675 0.2425 0.735 0.395
0 0.6 0.0975 0.8 0.195
0 0.69 0.6675 0.62 0.445
0 0.275 0.545 0.49 0.42
0 0.235 0.0425 0.47 0.085
0 0.87 0.9475 0.26 0.105
0 0.31 0.685 0.62 0.42
0 0.5775 0.97 0.645 0.06
0 0.79 0.0275 0.39 0.055
0 0.3225 0.9525 0.645 0.095
0 0.95 0.865 0.1 0.27
0 0.52 0.0475 0.85 0.095
0 0.58 0.86 0.68 0.28
0 0.28 0.775 0.38 0.45
0 0.7225 0.955 0.555 0.09
0 0.51 0.1775 0.66 0.355
0 0.88 0.7 0.24 0.55
0 0.835 0.275 0.33 0.36
0 0.295 0.3975 0.59 0.445
0 0.915 0.8125 0.17 0.325
0 0.18 0.34 0.36 0.44
0 0.58 0.3475 0.66 0.555
0 0.4175 0.7875 0.835 0.425
