0 0.5375 0.79 0.385 0.42
0 0.9175 0.9375 0.165 0.125
0 0.6275 0.675 0.675 0.44
0 0.71 0.115 0.44 0.23
0 0.9575 0.4525 0.085 0.625
0 0.855 0.5975 0.29 0.805
0 0.97 0.17 0.06 0.29
0 0.4925 0.9725 0.795 0.055
0 0.695 0.4325 0.31 0.595
0 0.9175 0.0525 0.165 0.105
0 0.2275 0.0275 0.455 0.055
0 0.8875 0.2325 0.225 0.465
0 0.77 0.9725 0.46 0.055
0 0.9625 0.2725 0.075 0.545
0 0.4325 0.1675 0.865 0.335
0 0.8025 0.035 0.395 0.07
0 0.4475 0.9425 0.895 0.115
0 0.93 0.8725 0.14 0.245
0 0.0975 0.0625 0.195 0.125
0 0.5975 0.8825 0.805 0.225
0 0.065 0.1225 0.13 0.245
0 0.27 0.085 0.53 0.17
0 0.8175 0.94 0.365 0.12
0 0.24 0.955 0.48 0.09
0 0.6725 0.9575 0.655 0.085
0 0.58 0.035 0.67 0.07
0 0.875 0.0875 0.25 0.175
0 0.72 0.315 0.49 0.63
0 0.9325 0.6125 0.135 0.665
0 0.2525 0.8125 0.505 0.375
0 0.9375 0.1625 0.125 0.325
0 0.4025 0.0475 0.755 0.095
0 0.74 0.8025 0.49 0.395
0 0.0975 0.245 0.195 0.47
0 0.0825 0.5425 0.155 0.425
0 0.84 0.8775 0.32 0.245
0 0.53 0.2925 0.74 0.495
0 0.125 0.415 0.25 0.68
0 0.5575 0.075 0.795 0.15
0 0.23 0.265 0.46 0.53
0 0.765 0.0625 0.47 0.125
0 0.89 0.775 0.22 0.45
0 0.9175 0.4 0.165 0.66
0 0.45 0.765 0.89 0.47
