2 0.875 0.9725 0.25 0.055
0 0.545 0.9725 0.61 0.055
0 0.3825 0.98 0.625 0.04
0 0.8825 0.88 0.235 0.24
2 0.97 0.28 0.06 0.43
0 0.88 0.96 0.24 0.08
0 0.7725 0.62 0.435 0.32
0 0.5225 0.025 0.465 0.05
0 0.2025 0.1325 0.365 0.265
0 0.2575 0.94 0.385 0.12
0 0.185 0.37 0.36 0.45
0 0.4775 0.065 0.575 0.13
0 0.8375 0.0325 0.325 0.065
0 0.9175 0.51 0.165 0.58
0 0.34 0.905 0.63 0.19
2 0.9475 0.835 0.105 0.33
0 0.6875 0.82 0.515 0.36
0 0.675 0.03 0.46 0.05
0 0.13 0.945 0.26 0.11
0 0.31 0.0325 0.57 0.065
0 0.4425 0.9425 0.595 0.115
0 0.195 0.76 0.39 0.43
0 0.24 0.9725 0.39 0.055
0 0.505 0.8625 0.51 0.265
0 0.9525 0.5425 0.095 0.415
0 0.5625 0.585 0.725 0.46
0 0.3025 0.1775 0.605 0.355
0 0.6825 0.96 0.635 0.08
0 0.9475 0.255 0.105 0.45
0 0.8275 0.705 0.345 0.59
0 0.1175 0.28 0.235 0.27
0 0.6575 0.9025 0.685 0.195
0 0.94 0.8425 0.12 0.305
0 0.6175 0.0475 0.585 0.095
0 0.9125 0.7375 0.175 0.525
2 0.9475 0.1975 0.105 0.385
0 0.355 0.815 0.71 0.37
0 0.845 0.155 0.31 0.31
0 0.805 0.0625 0.39 0.125
0 0.5975 0.7575 0.805 0.485
0 0.3075 0.5625 0.615 0.555
0 0.3 0.0825 0.59 0.165
