0 0.595 0.12 0.81 0.24
0 0.3675 0.095 0.695 0.17
0 0.065 0.9225 0.13 0.155
1 0.095 0.34 0.18 0.66
0 0.1325 0.9 0.255 0.2
1 0.245 0.38 0.46 0.76
0 0.4525 0.1875 0.735 0.375
0 0.9375 0.735 0.125 0.5
0 0.845 0.2375 0.28 0.475
0 0.92 0.0825 0.16 0.165
0 0.785 0.03 0.43 0.06
2 0.9425 0.96 0.105 0.08
0 0.1 0.475 0.2 0.38
0 0.315 0.825 0.63 0.31
0 0.4075 0.9275 0.745 0.145
0 0.2175 0.975 0.415 0.05
0 0.495 0.6125 0.37 0.555
0 0.105 0.1625 0.21 0.325
0 0.8075 0.945 0.385 0.11
0 0.8375 0.055 0.325 0.11
0 0.38 0.46 0.71 0.67
0 0.6475 0.9675 0.705 0.065
0 0.325 0.745 0.38 0.44
0 0.3275 0.045 0.655 0.09
0 0.955 0.3275 0.09 0.595
0 0.6725 0.0425 0.655 0.085
2 0.9625 0.925 0.075 0.14
2 0.88 0.955 0.24 0.09
0 0.5075 0.955 0.555 0.09
0 0.4925 0.0325 0.595 0.065
2 0.8675 0.9075 0.265 0.185
0 0.8375 0.8725 0.325 0.255
2 0.9475 0.885 0.105 0.23
2 0.835 0.3 0.32 0.59
0 0.9025 0.595 0.195 0.52
0 0.79 0.155 0.42 0.29
0 0.125 0.9525 0.25 0.095
0 0.525 0.0625 0.72 0.125
0 0.275 0.955 0.46 0.09
0 0.9 0.1575 0.2 0.315
0 0.8625 0.7225 0.275 0.545
0 0.305 0.305 0.5 0.61
0 0.33 0.6625 0.64 0.575
0 0.2625 0.1525 0.525 0.305
0 0.8625 0.4525 0.265 0.825
