0 0.1325 0.53 0.265 0.47
0 0.125 0.0575 0.25 0.115
0 0.2775 0.0975 0.555 0.175
0 0.05 0.7575 0.09 0.405
0 0.9725 0.5425 0.055 0.545
0 0.3725 0.155 0.745 0.28
0 0.7325 0.77 0.535 0.43
0 0.75 0.97 0.5 0.06
0 0.9 0.88 0.2 0.24
0 0.605 0.495 0.79 0.49
0 0.69 0.03 0.6 0.06
0 0.925 0.5075 0.14 0.635
0 0.3475 0.03 0.675 0.06
0 0.0475 0.94 0.095 0.11
0 0.065 0.9 0.13 0.2
0 0.94 0.155 0.12 0.31
0 0.6575 0.075 0.685 0.15
0 0.4175 0.97 0.675 0.06
0 0.58 0.955 0.8 0.09
0 0.955 0.455 0.09 0.46
0 0.8025 0.05 0.395 0.1
0 0.2 0.965 0.4 0.07
0 0.905 0.2575 0.19 0.495
0 0.805 0.94 0.38 0.12
0 0.56 0.9 0.87 0.2
0 0.155 0.37 0.31 0.59
0 0.8825 0.775 0.235 0.43
0 0.41 0.0575 0.82 0.115
0 0.13 0.9475 0.26 0.105
0 0.4025 0.83 0.715 0.33
0 0.185 0.905 0.36 0.19
0 0.085 0.8025 0.17 0.375
0 0.305 0.94 0.61 0.12
0 0.7825 0.8825 0.435 0.235
0 0.5925 0.2675 0.815 0.345
0 0.2225 0.6675 0.445 0.515
0 0.7975 0.235 0.405 0.44
0 0.73 0.6025 0.52 0.485
0 0.345 0.2575 0.69 0.315
0 0.84 0.135 0.32 0.27
