0 0.64 0.9675 0.72 0.065
0 0.8675 0.885 0.265 0.23
0 0.1275 0.735 0.255 0.49
0 0.3675 0.82 0.625 0.34
0 0.85 0.08 0.3 0.16
0 0.1975 0.97 0.395 0.06
0 0.0425 0.6175 0.085 0.505
0 0.95 0.7225 0.1 0.555
0 0.3375 0.0275 0.675 0.055
0 0.505 0.7275 0.67 0.445
0 0.1275 0.945 0.255 0.11
0 0.0275 0.7225 0.055 0.455
0 0.8975 0.65 0.205 0.7
0 0.9675 0.815 0.065 0.36
0 0.905 0.965 0.19 0.07
0 0.9575 0.0675 0.065 0.135
0 0.6525 0.255 0.695 0.31
0 0.7375 0.0425 0.475 0.085
0 0.485 0.65 0.38 0.46
0 0.725 0.9425 0.55 0.115
0 0.915 0.2 0.17 0.4
0 0.1175 0.365 0.235 0.34
0 0.28 0.955 0.56 0.09
0 0.1025 0.1275 0.205 0.255
0 0.92 0.0675 0.16 0.135
0 0.63 0.6125 0.42 0.315
0 0.455 0.2225 0.79 0.395
0 0.6025 0.0275 0.795 0.055
0 0.105 0.8675 0.21 0.265
0 0.94 0.945 0.12 0.11
0 0.9475 0.12 0.105 0.24
0 0.515 0.0525 0.97 0.105
0 0.51 0.95 0.73 0.1
0 0.2375 0.8775 0.475 0.245
0 0.875 0.9425 0.25 0.115
0 0.91 0.81 0.18 0.37
0 0.8075 0.235 0.385 0.42
0 0.9325 0.545 0.135 0.34
0 0.945 0.875 0.11 0.25
0 0.62 0.1175 0.76 0.225
0 0.485 0.8975 0.87 0.205
0 0.885 0.34 0.23 0.55
0 0.35 0.13 0.7 0.26
0 0.4425 0.58 0.705 0.37
