2 0.955 0.345 0.09 0.61
0 0.0575 0.7375 0.115 0.435
0 0.08 0.485 0.16 0.45
0 0.2675 0.0825 0.535 0.165
0 0.3875 0.2225 0.625 0.295
0 0.545 0.9375 0.67 0.125
0 0.0925 0.0325 0.185 0.065
0 0.0425 0.05 0.085 0.09
0 0.8975 0.9525 0.205 0.095
0 0.1375 0.8125 0.275 0.375
0 0.065 0.08 0.13 0.16
0 0.385 0.53 0.67 0.51
0 0.9525 0.7925 0.095 0.395
0 0.0925 0.625 0.185 0.33
0 0.4025 0.135 0.765 0.27
0 0.6425 0.97 0.715 0.06
0 0.7825 0.8775 0.365 0.225
0 0.5475 0.63 0.645 0.4
0 0.03 0.83 0.06 0.34
0 0.825 0.2075 0.35 0.415
0 0.06 0.2 0.12 0.39
0 0.5275 0.03 0.625 0.06
0 0.09 0.935 0.18 0.13
0 0.1 0.125 0.2 0.25
0 0.81 0.05 0.37 0.1
0 0.79 0.38 0.39 0.76
0 0.0475 0.4325 0.095 0.345
0 0.085 0.305 0.17 0.45
0 0.8 0.945 0.4 0.11
0 0.9375 0.2375 0.125 0.465
0 0.1875 0.15 0.375 0.28
0 0.3925 0.9 0.785 0.2
0 0.0575 0.88 0.115 0.24
0 0.385 0.9575 0.73 0.085
0 0.295 0.0275 0.56 0.055
0 0.9125 0.12 0.175 0.24
0 0.6625 0.72 0.675 0.29
0 0.3925 0.0475 0.785 0.095
0 0.6625 0.06 0.665 0.12
0 0.125 0.055 0.25 0.11
0 0.78 0.7 0.44 0.51
0 0.73 0.1225 0.54 0.245
0 0.6125 0.8775 0.775 0.245
0 0.16 0.915 0.32 0.17
0 0.6625 0.515 0.675 0.54
