0 0.23 0.03 0.46 0.05
0 0.3475 0.205 0.695 0.3
0 0.9175 0.58 0.165 0.51
0 0.685 0.7625 0.63 0.285
0 0.06 0.155 0.12 0.31
0 0.865 0.08 0.25 0.16
0 0.1725 0.7375 0.345 0.405
0 0.1025 0.09 0.205 0.18
0 0.94 0.12 0.12 0.24
0 0.3525 0.04 0.595 0.08
0 0.74 0.41 0.52 0.46
0 0.1325 0.0425 0.265 0.085
0 0.445 0.4275 0.29 0.235
0 0.2775 0.095 0.555 0.18
0 0.2025 0.48 0.315 0.25
0 0.435 0.9725 0.58 0.055
0 0.5625 0.03 0.815 0.06
0 0.2075 0.0575 0.415 0.115
0 0.6575 0.8375 0.485 0.325
0 0.7225 0.055 0.525 0.11
0 0.8375 0.9425 0.325 0.115
0 0.2125 0.965 0.425 0.07
0 0.4625 0.125 0.925 0.25
0 0.66 0.97 0.68 0.06
0 0.87 0.32 0.26 0.64
0 0.125 0.85 0.25 0.3
0 0.5275 0.94 0.475 0.12
0 0.6275 0.91 0.745 0.18
0 0.6875 0.5975 0.625 0.345
0 0.35 0.755 0.7 0.3
0 0.4475 0.06 0.885 0.12
0 0.305 0.94 0.61 0.12
0 0.81 0.885 0.38 0.23
0 0.8775 0.7325 0.245 0.525
0 0.1325 0.935 0.265 0.13
0 0.8525 0.5175 0.295 0.525
0 0.505 0.795 0.46 0.29
0 0.7 0.195 0.6 0.38
0 0.3175 0.4425 0.475 0.245
