0 0.5125 0.0575 0.645 0.095
0 0.5225 0.95 0.765 0.1
0 0.955 0.19 0.09 0.38
0 0.935 0.935 0.13 0.13
0 0.07 0.73 0.14 0.51
0 0.0475 0.2925 0.095 0.555
0 0.31 0.815 0.6 0.34
0 0.96 0.72 0.08 0.56
2 0.9525 0.7125 0.095 0.575
0 0.8475 0.58 0.305 0.45
0 0.575 0.37 0.56 0.43
0 0.2575 0.52 0.515 0.39
0 0.2375 0.0325 0.475 0.065
0 0.0625 0.88 0.125 0.24
0 0.8625 0.045 0.275 0.09
0 0.1875 0.095 0.375 0.19
0 0.15 0.44 0.28 0.67
0 0.6925 0.925 0.615 0.15
0 0.8325 0.845 0.335 0.3
0 0.9075 0.41 0.185 0.63
0 0.33 0.97 0.66 0.06
0 0.935 0.0825 0.13 0.165
0 0.875 0.91 0.25 0.18
0 0.685 0.97 0.53 0.06
0 0.935 0.8375 0.13 0.325
0 0.08 0.4025 0.16 0.545
0 0.2175 0.9525 0.435 0.095
0 0.6975 0.5175 0.605 0.305
0 0.13 0.0625 0.26 0.125
0 0.61 0.03 0.78 0.06
0 0.125 0.91 0.25 0.18
0 0.9125 0.73 0.175 0.54
0 0.15 0.795 0.3 0.41
0 0.06 0.135 0.12 0.27
0 0.7925 0.95 0.385 0.1
0 0.825 0.435 0.35 0.4
0 0.73 0.0525 0.53 0.105
0 0.3325 0.15 0.665 0.3
0 0.3075 0.9125 0.615 0.175
0 0.3025 0.0575 0.595 0.115
0 0.595 0.09 0.79 0.18
0 0.1175 0.6525 0.235 0.515
0 0.19 0.6225 0.38 0.755
0 0.7975 0.2825 0.405 0.475
0 0.6275 0.235 0.695 0.46
0 0.7575 0.73 0.485 0.54
