0 0.9125 0.045 0.175 0.09
0 0.9425 0.52 0.115 0.71
0 0.9575 0.065 0.065 0.13
0 0.235 0.9775 0.45 0.045
0 0.1725 0.17 0.345 0.34
0 0.065 0.865 0.13 0.26
0 0.1975 0.065 0.395 0.13
0 0.9675 0.1175 0.065 0.235
0 0.9175 0.935 0.165 0.13
0 0.6475 0.1025 0.705 0.205
0 0.105 0.9425 0.21 0.115
0 0.6975 0.03 0.605 0.06
0 0.14 0.9075 0.28 0.185
0 0.9125 0.6775 0.175 0.495
2 0.9675 0.7725 0.065 0.455
0 0.9575 0.2225 0.085 0.445
0 0.05 0.3675 0.1 0.385
0 0.41 0.03 0.82 0.06
0 0.0825 0.27 0.145 0.46
0 0.84 0.055 0.32 0.11
2 0.9525 0.67 0.095 0.47
0 0.81 0.24 0.37 0.48
0 0.5575 0.775 0.695 0.41
0 0.5525 0.5625 0.895 0.575
0 0.32 0.965 0.64 0.07
0 0.3625 0.2575 0.665 0.405
2 0.94 0.83 0.12 0.33
0 0.9075 0.83 0.185 0.33
0 0.84 0.915 0.32 0.17
0 0.3125 0.105 0.625 0.21
0 0.615 0.315 0.77 0.5
0 0.36 0.46 0.72 0.31
0 0.9375 0.085 0.125 0.17
0 0.5125 0.955 0.685 0.09
0 0.415 0.9225 0.83 0.155
0 0.8075 0.8075 0.385 0.385
0 0.18 0.8275 0.36 0.345
0 0.52 0.0525 0.96 0.105
2 0.91 0.7375 0.18 0.495
0 0.6975 0.9375 0.555 0.125
0 0.845 0.61 0.31 0.49
0 0.235 0.94 0.47 0.12
0 0.625 0.8825 0.69 0.235
0 0.4775 0.1625 0.935 0.325
0 0.7925 0.45 0.395 0.78
0 0.31 0.665 0.62 0.48
