0 0.4 0.885 0.8 0.23
0 0.07 0.9175 0.14 0.165
0 0.2375 0.0525 0.445 0.105
0 0.1225 0.06 0.245 0.12
0 0.9325 0.2375 0.135 0.475
0 0.84 0.8075 0.32 0.355
1 0.85 0.115 0.29 0.23
0 0.3525 0.9775 0.545 0.045
0 0.91 0.9575 0.18 0.085
0 0.2025 0.9375 0.385 0.125
1 0.88 0.2475 0.24 0.495
0 0.045 0.2375 0.09 0.455
0 0.2525 0.8025 0.505 0.395
0 0.915 0.4225 0.16 0.545
0 0.95 0.8625 0.1 0.275
0 0.37 0.0325 0.67 0.055
0 0.755 0.965 0.49 0.07
0 0.5225 0.585 0.755 0.28
0 0.7 0.2375 0.38 0.405
0 0.1225 0.76 0.245 0.48
0 0.0975 0.125 0.195 0.25
0 0.19 0.3625 0.35 0.405
0 0.05 0.685 0.1 0.43
0 0.1225 0.26 0.245 0.5
0 0.81 0.5075 0.38 0.445
0 0.91 0.115 0.18 0.23
0 0.585 0.1175 0.83 0.235
0 0.8775 0.0625 0.245 0.125
0 0.9475 0.64 0.105 0.53
0 0.5075 0.97 0.595 0.06
0 0.63 0.7725 0.5 0.455
0 0.65 0.03 0.7 0.06
0 0.36 0.31 0.66 0.46
0 0.74 0.0875 0.52 0.175
0 0.3675 0.1575 0.715 0.295
0 0.3475 0.9575 0.665 0.085
0 0.885 0.88 0.23 0.24
0 0.1275 0.9 0.255 0.2
0 0.6525 0.9425 0.695 0.115
0 0.525 0.055 0.93 0.11
0 0.7325 0.865 0.525 0.27
0 0.8475 0.9425 0.305 0.115
0 0.8725 0.3775 0.255 0.755
0 0.9175 0.75 0.165 0.47
0 0.095 0.5875 0.19 0.515
0 0.895 0.595 0.21 0.63
0 0.545 0.2275 0.91 0.425
0 0.4175 0.735 0.805 0.48
