0 0.325 0.1 0.65 0.2
0 0.68 0.56 0.64 0.34
0 0.9225 0.46 0.145 0.48
0 0.955 0.24 0.09 0.47
0 0.7 0.0275 0.43 0.045
0 0.3475 0.9 0.695 0.2
0 0.905 0.8275 0.19 0.345
0 0.3825 0.03 0.645 0.06
0 0.2 0.9575 0.4 0.085
0 0.1025 0.165 0.205 0.32
0 0.5975 0.1675 0.805 0.315
0 0.0525 0.0525 0.105 0.095
0 0.9325 0.1 0.135 0.2
0 0.6525 0.9675 0.695 0.065
0 0.4725 0.56 0.685 0.42
0 0.66 0.76 0.68 0.42
0 0.1175 0.435 0.225 0.68
0 0.155 0.0325 0.31 0.065
0 0.805 0.87 0.39 0.25
0 0.6875 0.0925 0.625 0.185
0 0.1025 0.0575 0.205 0.115
0 0.8375 0.0375 0.325 0.075
0 0.8325 0.7425 0.325 0.515
0 0.385 0.81 0.77 0.37
0 0.6 0.035 0.66 0.07
0 0.88 0.1275 0.24 0.255
0 0.895 0.06 0.21 0.12
0 0.375 0.97 0.75 0.06
0 0.2375 0.6925 0.475 0.555
0 0.24 0.045 0.46 0.09
0 0.16 0.27 0.32 0.49
0 0.9075 0.635 0.185 0.66
0 0.1225 0.8625 0.245 0.275
0 0.5525 0.41 0.895 0.55
0 0.45 0.0525 0.9 0.105
0 0.53 0.9425 0.94 0.115
0 0.5825 0.87 0.835 0.26
0 0.335 0.24 0.65 0.44
0 0.7575 0.0525 0.485 0.105
0 0.495 0.665 0.99 0.58
0 0.7825 0.2325 0.435 0.395
