1 0.4975 0.335 0.225 0.29
1 0.9375 0.0775 0.125 0.155
1 0.35 0.0775 0.3 0.155
1 0.24 0.4175 0.31 0.795
1 0.4375 0.435 0.485 0.87
1 0.85 0.81 0.2 0.37
1 0.665 0.0525 0.16 0.105
1 0.1825 0.3775 0.165 0.635
1 0.4375 0.115 0.145 0.22
1 0.805 0.0875 0.33 0.175
1 0.795 0.2775 0.27 0.545
1 0.5025 0.4125 0.365 0.545
1 0.925 0.0425 0.14 0.075
1 0.335 0.3075 0.37 0.615
1 0.6325 0.2325 0.145 0.425
1 0.88 0.65 0.19 0.69
1 0.6425 0.1 0.145 0.2
1 0.1625 0.3 0.125 0.38
1 0.3425 0.5125 0.245 0.955
1 0.8375 0.4825 0.245 0.965
1 0.5375 0.4025 0.175 0.315
