1 0.5125 0.03 0.135 0.06
1 0.2625 0.22 0.245 0.44
1 0.8075 0.97 0.165 0.06
1 0.3525 0.04 0.165 0.07
1 0.9225 0.0775 0.155 0.155
1 0.775 0.08 0.16 0.16
1 0.425 0.1675 0.22 0.325
1 0.6625 0.65 0.205 0.68
1 0.21 0.1175 0.22 0.235
1 0.96 0.2475 0.08 0.325
1 0.9775 0.1375 0.045 0.265
1 0.78 0.65 0.29 0.7
1 0.2625 0.7625 0.195 0.475
1 0.5675 0.255 0.175 0.48
3 0.095 0.665 0.19 0.26
1 0.935 0.275 0.13 0.55
0 0.0975 0.65 0.195 0.26
1 0.8025 0.8875 0.155 0.225
1 0.97 0.08 0.06 0.16
1 0.8 0.73 0.17 0.54
1 0.31 0.06 0.2 0.12
1 0.97 0.31 0.06 0.6
1 0.6 0.5075 0.22 0.715
1 0.5275 0.0625 0.165 0.115
1 0.2925 0.1225 0.205 0.245
1 0.8125 0.94 0.125 0.12
1 0.6825 0.8875 0.095 0.165
1 0.495 0.3175 0.13 0.495
1 0.7575 0.4825 0.415 0.965
1 0.62 0.57 0.14 0.47
1 0.9525 0.0525 0.095 0.095
1 0.5125 0.8175 0.085 0.195
1 0.515 0.51 0.14 0.39
1 0.5175 0.18 0.195 0.36
1 0.9475 0.145 0.105 0.29
1 0.5275 0.3825 0.195 0.765
1 0.7875 0.17 0.145 0.33
1 0.27 0.8925 0.18 0.215
1 0.2725 0.485 0.205 0.97
