1 0.31 0.765 0.21 0.47
1 0.36 0.12 0.21 0.24
1 0.7675 0.385 0.095 0.31
1 0.46 0.9725 0.1 0.055
1 0.2825 0.4825 0.325 0.965
1 0.4575 0.935 0.165 0.13
1 0.205 0.635 0.26 0.71
1 0.6375 0.0675 0.175 0.125
1 0.2825 0.8375 0.185 0.235
1 0.6375 0.31 0.195 0.59
1 0.15 0.76 0.19 0.44
1 0.3975 0.8975 0.225 0.195
1 0.595 0.8875 0.14 0.225
1 0.23 0.8675 0.36 0.265
1 0.7725 0.3775 0.075 0.165
1 0.755 0.05 0.12 0.09
1 0.12 0.87 0.23 0.26
1 0.645 0.1325 0.19 0.255
1 0.45 0.95 0.12 0.1
1 0.6675 0.5275 0.195 0.945
1 0.35 0.3725 0.23 0.695
1 0.335 0.8725 0.19 0.255
1 0.1275 0.49 0.165 0.87
1 0.27 0.1125 0.14 0.225
