1 0.2325 0.0575 0.415 0.115
1 0.9225 0.88 0.145 0.23
1 0.9825 0.7725 0.035 0.285
1 0.9725 0.4925 0.055 0.685
1 0.6275 0.55 0.095 0.2
1 0.02 0.81 0.04 0.38
1 0.265 0.115 0.3 0.23
1 0.345 0.47 0.27 0.83
1 0.47 0.03 0.18 0.06
1 0.0175 0.5475 0.035 0.305
1 0.025 0.2175 0.05 0.425
1 0.4575 0.5875 0.155 0.425
1 0.945 0.5225 0.11 0.495
1 0.9675 0.825 0.065 0.2
1 0.1925 0.5625 0.215 0.875
1 0.47 0.22 0.13 0.3
1 0.5025 0.28 0.125 0.28
1 0.295 0.0775 0.18 0.155
1 0.4875 0.7375 0.145 0.455
1 0.415 0.96 0.18 0.08
1 0.62 0.03 0.1 0.06
1 0.02 0.5975 0.04 0.615
1 0.9725 0.7075 0.055 0.465
1 0.28 0.2225 0.2 0.445
1 0.245 0.7325 0.2 0.525
1 0.7825 0.44 0.095 0.24
1 0.775 0.855 0.23 0.28
1 0.9475 0.7575 0.105 0.405
1 0.4425 0.8975 0.195 0.205
1 0.97 0.8775 0.06 0.235
1 0.92 0.62 0.16 0.28
1 0.55 0.2925 0.19 0.485
1 0.5125 0.04 0.095 0.08
1 0.635 0.0525 0.21 0.105
1 0.51 0.055 0.16 0.11
1 0.8 0.0775 0.11 0.155
1 0.455 0.94 0.15 0.12
1 0.9775 0.825 0.045 0.15
1 0.64 0.05 0.11 0.09
1 0.7975 0.2275 0.085 0.175
1 0.95 0.6175 0.1 0.205
1 0.515 0.195 0.17 0.39
1 0.7725 0.8525 0.105 0.225
1 0.515 0.895 0.19 0.21
1 0.795 0.155 0.13 0.3
1 0.2675 0.485 0.195 0.97
1 0.4775 0.6625 0.105 0.245
1 0.585 0.385 0.12 0.23
1 0.78 0.545 0.13 0.41
