1 0.135 0.895 0.27 0.11
5 0.545 0.0275 0.9 0.055
3 0.315 0.06 0.63 0.12
1 0.9325 0.0425 0.105 0.075
1 0.02 0.4175 0.04 0.645
1 0.9325 0.41 0.135 0.22
1 0.935 0.3525 0.13 0.595
1 0.9475 0.4775 0.105 0.155
1 0.9625 0.46 0.065 0.07
1 0.3875 0.87 0.365 0.14
3 0.4325 0.4675 0.865 0.935
1 0.0475 0.8875 0.085 0.195
3 0.58 0.045 0.84 0.09
3 0.315 0.1375 0.6 0.275
1 0.1925 0.865 0.385 0.17
1 0.5225 0.87 0.375 0.18
3 0.1525 0.455 0.295 0.91
1 0.1025 0.87 0.205 0.1
1 0.81 0.875 0.24 0.17
1 0.905 0.45 0.19 0.14
3 0.495 0.19 0.86 0.38
3 0.5225 0.0875 0.955 0.175
1 0.9225 0.4525 0.155 0.085
1 0.8 0.875 0.16 0.09
1 0.345 0.8825 0.67 0.165
