1 0.9475 0.505 0.105 0.33
1 0.04 0.345 0.08 0.53
1 0.9775 0.615 0.045 0.77
1 0.2925 0.1925 0.145 0.345
1 0.2275 0.29 0.145 0.24
1 0.79 0.0475 0.16 0.085
1 0.5475 0.08 0.125 0.16
1 0.7675 0.1175 0.225 0.235
1 0.025 0.565 0.05 0.82
1 0.62 0.7425 0.2 0.445
1 0.9725 0.1175 0.055 0.235
1 0.21 0.05 0.14 0.09
1 0.07 0.67 0.14 0.64
1 0.185 0.8825 0.13 0.235
1 0.515 0.935 0.24 0.13
1 0.975 0.365 0.05 0.72
1 0.11 0.83 0.21 0.34
1 0.9275 0.8975 0.105 0.155
1 0.7475 0.78 0.135 0.31
1 0.385 0.8725 0.26 0.255
1 0.0625 0.915 0.125 0.17
1 0.645 0.9375 0.23 0.125
1 0.1725 0.0325 0.115 0.065
1 0.025 0.2425 0.05 0.475
1 0.585 0.97 0.12 0.06
1 0.2025 0.77 0.125 0.28
1 0.7425 0.0625 0.185 0.125
1 0.9375 0.3725 0.125 0.675
1 0.94 0.495 0.08 0.2
1 0.16 0.1725 0.17 0.345
1 0.45 0.04 0.12 0.08
1 0.725 0.86 0.15 0.27
1 0.0225 0.83 0.045 0.34
1 0.1475 0.1025 0.125 0.205
1 0.4625 0.1725 0.155 0.335
1 0.58 0.9125 0.15 0.175
1 0.155 0.055 0.21 0.11
1 0.7775 0.56 0.225 0.86
1 0.2975 0.26 0.235 0.22
1 0.2325 0.1975 0.185 0.375
1 0.685 0.5125 0.28 0.975
1 0.175 0.96 0.1 0.08
1 0.03 0.73 0.06 0.43
1 0.4425 0.2375 0.115 0.195
1 0.3875 0.575 0.065 0.14
1 0.9425 0.1425 0.115 0.275
1 0.6925 0.7925 0.235 0.415
1 0.0525 0.8 0.105 0.4
1 0.155 0.06 0.1 0.12
1 0.5775 0.9375 0.115 0.125
1 0.735 0.3325 0.25 0.655
1 0.2975 0.26 0.115 0.19
1 0.2425 0.6475 0.175 0.485
