1 0.575 0.8825 0.23 0.235
1 0.6825 0.0625 0.315 0.125
1 0.2625 0.42 0.325 0.84
1 0.2675 0.1475 0.155 0.295
1 0.8875 0.13 0.185 0.22
1 0.65 0.115 0.17 0.23
1 0.935 0.1525 0.13 0.305
1 0.955 0.8475 0.09 0.285
1 0.975 0.54 0.05 0.79
1 0.71 0.675 0.12 0.3
1 0.9075 0.74 0.185 0.52
1 0.865 0.5775 0.27 0.815
1 0.0225 0.7425 0.045 0.385
1 0.5025 0.4175 0.335 0.835
1 0.755 0.35 0.22 0.4
1 0.6375 0.04 0.085 0.08
1 0.505 0.625 0.21 0.75
1 0.0275 0.41 0.055 0.82
1 0.2775 0.06 0.165 0.12
1 0.9475 0.65 0.105 0.7
1 0.8925 0.2725 0.215 0.545
1 0.5425 0.9225 0.145 0.155
1 0.9175 0.08 0.155 0.16
1 0.955 0.365 0.09 0.73
1 0.635 0.0625 0.13 0.125
1 0.925 0.4775 0.15 0.945
1 0.695 0.265 0.23 0.52
1 0.7025 0.78 0.165 0.42
1 0.38 0.4875 0.42 0.975
