1 0.88 0.925 0.14 0.13
1 0.4775 0.58 0.295 0.84
1 0.5025 0.9425 0.195 0.115
1 0.335 0.04 0.1 0.08
1 0.0225 0.8975 0.045 0.205
1 0.3525 0.6475 0.235 0.705
1 0.3525 0.96 0.195 0.08
1 0.5625 0.3525 0.195 0.705
2 0.705 0.095 0.59 0.19
1 0.9125 0.9 0.165 0.2
1 0.9825 0.815 0.035 0.29
1 0.5725 0.1525 0.175 0.275
1 0.4075 0.9425 0.205 0.115
1 0.87 0.03 0.13 0.06
1 0.03 0.8175 0.06 0.355
1 0.8325 0.205 0.165 0.37
1 0.945 0.3225 0.1 0.295
1 0.3975 0.97 0.155 0.06
1 0.3175 0.12 0.145 0.24
1 0.4475 0.8875 0.165 0.225
1 0.8825 0.065 0.155 0.12
1 0.9775 0.8875 0.045 0.225
1 0.755 0.55 0.1 0.18
1 0.585 0.0475 0.15 0.085
1 0.29 0.97 0.15 0.06
1 0.3325 0.0625 0.155 0.125
1 0.86 0.87 0.21 0.26
1 0.9425 0.2025 0.115 0.355
1 0.295 0.87 0.17 0.26
1 0.0425 0.9325 0.085 0.125
1 0.9225 0.29 0.155 0.21
1 0.525 0.0525 0.23 0.105
1 0.5575 0.9575 0.195 0.075
1 0.46 0.96 0.15 0.08
1 0.05 0.885 0.1 0.23
1 0.5175 0.11 0.205 0.22
1 0.5575 0.0325 0.135 0.065
1 0.81 0.345 0.23 0.63
1 0.8125 0.8175 0.125 0.215
1 0.525 0.145 0.12 0.19
1 0.95 0.29 0.08 0.17
1 0.855 0.115 0.14 0.23
1 0.5375 0.625 0.175 0.71
1 0.3025 0.5125 0.165 0.975
1 0.7975 0.445 0.165 0.37
