1 0.345 0.9025 0.16 0.195
1 0.37 0.95 0.29 0.1
1 0.5425 0.7 0.125 0.38
1 0.075 0.9725 0.15 0.055
1 0.0475 0.8675 0.095 0.255
0 0.715 0.76 0.57 0.48
1 0.3 0.965 0.23 0.07
1 0.035 0.9175 0.07 0.155
1 0.0325 0.4725 0.065 0.845
1 0.8775 0.97 0.135 0.06
1 0.0925 0.6175 0.185 0.535
1 0.1775 0.4775 0.195 0.205
1 0.0325 0.7375 0.065 0.525
1 0.1475 0.3675 0.195 0.565
1 0.325 0.9725 0.11 0.055
1 0.315 0.94 0.17 0.12
1 0.0575 0.9425 0.115 0.115
1 0.365 0.44 0.12 0.32
1 0.555 0.81 0.22 0.18
1 0.4675 0.245 0.145 0.42
1 0.54 0.6125 0.07 0.145
1 0.05 0.965 0.08 0.07
1 0.36 0.11 0.13 0.21
1 0.3175 0.9525 0.125 0.095
1 0.08 0.35 0.16 0.56
1 0.1825 0.4775 0.075 0.165
1 0.055 0.635 0.11 0.38
1 0.5575 0.8075 0.095 0.165
1 0.41 0.26 0.23 0.5
1 0.8025 0.4125 0.135 0.285
1 0.3225 0.81 0.135 0.35
