1 0.2275 0.025 0.155 0.05
1 0.05 0.8925 0.1 0.215
1 0.2425 0.765 0.205 0.43
1 0.29 0.48 0.16 0.65
1 0.7925 0.1575 0.125 0.225
1 0.0225 0.6175 0.045 0.755
1 0.2375 0.08 0.125 0.16
1 0.4675 0.17 0.075 0.34
1 0.07 0.8375 0.14 0.325
1 0.2775 0.4125 0.135 0.325
1 0.35 0.645 0.23 0.71
1 0.975 0.8625 0.05 0.275
1 0.19 0.5975 0.19 0.655
1 0.21 0.2075 0.11 0.265
1 0.045 0.7075 0.09 0.555
1 0.805 0.115 0.22 0.23
1 0.225 0.04 0.11 0.08
1 0.2775 0.9025 0.175 0.185
1 0.02 0.8775 0.04 0.225
1 0.6925 0.97 0.125 0.06
1 0.475 0.12 0.07 0.15
1 0.3275 0.8325 0.225 0.335
1 0.0275 0.815 0.055 0.37
1 0.24 0.385 0.19 0.48
1 0.8125 0.105 0.115 0.19
1 0.27 0.585 0.29 0.82
