1 0.9075 0.1525 0.185 0.305
1 0.0925 0.7675 0.185 0.465
1 0.6725 0.0425 0.145 0.075
1 0.0825 0.24 0.095 0.27
1 0.7025 0.97 0.185 0.06
1 0.985 0.31 0.03 0.33
1 0.9425 0.3275 0.115 0.655
1 0.0225 0.2225 0.045 0.425
1 0.075 0.415 0.1 0.25
1 0.12 0.0475 0.1 0.095
1 0.9525 0.1975 0.095 0.375
1 0.56 0.2925 0.23 0.495
1 0.0925 0.0625 0.185 0.125
1 0.7225 0.6925 0.215 0.295
1 0.925 0.8275 0.15 0.245
1 0.6675 0.9425 0.205 0.115
1 0.81 0.9725 0.14 0.055
1 0.335 0.4075 0.14 0.665
1 0.595 0.7775 0.36 0.445
1 0.0825 0.205 0.145 0.4
1 0.975 0.8 0.05 0.18
1 0.9775 0.7175 0.045 0.365
1 0.51 0.8675 0.2 0.265
1 0.5125 0.38 0.445 0.75
1 0.7575 0.7925 0.175 0.385
1 0.875 0.2675 0.2 0.505
1 0.97 0.885 0.06 0.23
1 0.655 0.875 0.18 0.25
1 0.425 0.245 0.12 0.27
1 0.515 0.235 0.18 0.3
1 0.275 0.3425 0.19 0.375
1 0.42 0.2925 0.18 0.435
1 0.8875 0.3525 0.115 0.205
1 0.2425 0.1325 0.115 0.255
1 0.9725 0.6425 0.055 0.715
1 0.9525 0.745 0.095 0.38
1 0.3125 0.2325 0.205 0.435
1 0.79 0.7375 0.1 0.205
1 0.9725 0.31 0.055 0.54
1 0.65 0.2475 0.2 0.495
1 0.2375 0.3625 0.115 0.165
1 0.085 0.0525 0.1 0.105
1 0.5325 0.2175 0.115 0.205
1 0.33 0.3075 0.13 0.315
1 0.9575 0.8275 0.085 0.185
1 0.25 0.2425 0.13 0.425
1 0.0775 0.33 0.125 0.33
1 0.8575 0.39 0.135 0.25
1 0.6725 0.7675 0.165 0.425
