1 0.6275 0.2325 0.155 0.395
1 0.4425 0.31 0.175 0.5
1 0.7225 0.5 0.425 1
1 0.1475 0.805 0.155 0.33
3 0.845 0.4075 0.31 0.815
1 0.69 0.3075 0.19 0.425
1 0.165 0.485 0.11 0.21
1 0.025 0.7275 0.05 0.165
1 0.9425 0.125 0.115 0.25
1 0.14 0.4375 0.24 0.345
1 0.0325 0.7725 0.065 0.205
1 0.0425 0.1075 0.085 0.215
1 0.4925 0.945 0.185 0.11
1 0.03 0.9025 0.06 0.195
1 0.025 0.05 0.05 0.09
1 0.475 0.8725 0.18 0.255
1 0.63 0.97 0.12 0.06
1 0.0575 0.0825 0.115 0.165
1 0.015 0.1375 0.03 0.265
1 0.085 0.8325 0.17 0.335
1 0.6375 0.375 0.135 0.35
1 0.45 0.235 0.13 0.27
1 0.025 0.6775 0.05 0.405
1 0.1525 0.58 0.175 0.61
1 0.63 0.115 0.14 0.23
1 0.6725 0.49 0.215 0.85
1 0.365 0.88 0.14 0.24
1 0.6375 0.65 0.095 0.29
1 0.0275 0.19 0.055 0.38
1 0.02 0.0825 0.04 0.135
1 0.1475 0.7075 0.125 0.235
1 0.1475 0.34 0.155 0.68
1 0.0225 0.77 0.045 0.15
1 0.025 0.8125 0.05 0.325
1 0.03 0.0925 0.05 0.185
1 0.6525 0.5225 0.135 0.555
1 0.135 0.4325 0.12 0.265
1 0.155 0.1825 0.13 0.355
1 0.44 0.555 0.21 0.89
