1 0.86 0.97 0.16 0.06
1 0.585 0.975 0.12 0.05
1 0.935 0.075 0.13 0.15
1 0.945 0.565 0.11 0.87
1 0.975 0.7625 0.05 0.385
1 0.9375 0.7975 0.125 0.325
1 0.54 0.97 0.22 0.05
1 0.6225 0.63 0.085 0.5
1 0.4 0.7075 0.16 0.435
1 0.835 0.0325 0.18 0.065
1 0.4125 0.2375 0.205 0.355
1 0.5825 0.895 0.145 0.21
1 0.325 0.7325 0.36 0.535
1 0.925 0.8725 0.09 0.235
1 0.975 0.535 0.05 0.93
1 0.915 0.03 0.16 0.06
1 0.5675 0.96 0.125 0.08
1 0.3125 0.225 0.265 0.44
1 0.88 0.0475 0.23 0.095
1 0.9025 0.5775 0.175 0.765
1 0.415 0.2375 0.11 0.295
1 0.61 0.735 0.14 0.53
1 0.275 0.525 0.36 0.95
