1 0.0225 0.865 0.045 0.27
1 0.9775 0.65 0.045 0.41
1 0.58 0.2925 0.18 0.405
1 0.58 0.8975 0.21 0.195
1 0.6675 0.375 0.175 0.75
1 0.675 0.1625 0.11 0.255
1 0.7625 0.945 0.335 0.11
1 0.8825 0.945 0.185 0.11
1 0.1125 0.04 0.135 0.07
1 0.4025 0.06 0.155 0.12
1 0.725 0.645 0.11 0.29
1 0.905 0.9725 0.14 0.055
1 0.7275 0.9575 0.185 0.085
1 0.9325 0.7475 0.115 0.325
1 0.88 0.8925 0.15 0.215
1 0.6925 0.3625 0.085 0.275
1 0.655 0.9575 0.15 0.085
1 0.08 0.06 0.15 0.12
1 0.66 0.8875 0.17 0.225
1 0.5225 0.815 0.175 0.36
1 0.8975 0.1325 0.205 0.265
1 0.355 0.875 0.19 0.25
1 0.5225 0.645 0.315 0.71
1 0.075 0.0325 0.12 0.065
1 0.6875 0.935 0.155 0.13
1 0.515 0.8925 0.13 0.215
1 0.88 0.96 0.11 0.08
1 0.9075 0.13 0.105 0.2
1 0.5925 0.5175 0.195 0.915
1 0.38 0.4975 0.19 0.985
1 0.6725 0.265 0.125 0.38
1 0.91 0.6525 0.15 0.375
