1 0.9775 0.9275 0.045 0.145
1 0.4625 0.5975 0.345 0.755
1 0.975 0.8625 0.05 0.275
1 0.3825 0.485 0.205 0.6
1 0.54 0.2225 0.18 0.445
1 0.96 0.0875 0.07 0.175
1 0.9725 0.485 0.055 0.79
1 0.8125 0.0625 0.155 0.115
1 0.76 0.525 0.3 0.61
1 0.94 0.2 0.12 0.39
1 0.825 0.325 0.09 0.46
1 0.9675 0.9575 0.055 0.085
1 0.9375 0.9575 0.125 0.085
1 0.9525 0.05 0.075 0.09
1 0.945 0.845 0.11 0.31
1 0.815 0.4925 0.17 0.485
1 0.4975 0.4225 0.515 0.845
1 0.9525 0.6375 0.095 0.725
1 0.935 0.065 0.13 0.13
1 0.84 0.45 0.21 0.9
1 0.3575 0.46 0.135 0.35
1 0.9375 0.435 0.125 0.83
1 0.8175 0.1975 0.135 0.385
1 0.5525 0.48 0.245 0.96
1 0.7225 0.595 0.195 0.33
