1 0.49 0.915 0.55 0.17
1 0.5825 0.0625 0.145 0.115
1 0.81 0.8675 0.16 0.265
1 0.875 0.5875 0.25 0.825
1 0.9775 0.6125 0.045 0.775
1 0.13 0.04 0.13 0.07
1 0.24 0.925 0.39 0.15
1 0.3275 0.0375 0.245 0.075
1 0.79 0.09 0.08 0.17
1 0.475 0.055 0.17 0.11
1 0.0225 0.525 0.045 0.51
1 0.1875 0.1025 0.135 0.205
1 0.3825 0.94 0.235 0.12
1 0.6825 0.97 0.225 0.06
1 0.9675 0.9425 0.065 0.115
1 0.165 0.58 0.13 0.36
1 0.0275 0.865 0.055 0.27
1 0.0675 0.9725 0.115 0.055
1 0.975 0.865 0.05 0.27
1 0.025 0.78 0.05 0.26
1 0.9375 0.595 0.125 0.75
1 0.0425 0.9425 0.085 0.085
1 0.3275 0.86 0.135 0.28
1 0.495 0.03 0.16 0.06
1 0.05 0.14 0.09 0.25
1 0.125 0.0625 0.2 0.125
1 0.17 0.9525 0.33 0.095
1 0.0275 0.2025 0.055 0.385
1 0.655 0.3075 0.09 0.255
1 0.97 0.4525 0.06 0.475
1 0.35 0.185 0.28 0.19
1 0.02 0.1225 0.04 0.245
1 0.4975 0.7275 0.195 0.285
1 0.03 0.6725 0.06 0.565
5 0.63 0.865 0.17 0.27
1 0.1375 0.4925 0.235 0.305
1 0.035 0.3175 0.07 0.285
1 0.495 0.04 0.1 0.08
1 0.025 0.05 0.05 0.09
1 0.0925 0.05 0.105 0.09
1 0.19 0.14 0.09 0.13
5 0.6025 0.925 0.235 0.13
1 0.8 0.7375 0.16 0.475
1 0.0725 0.7375 0.145 0.445
1 0.535 0.805 0.2 0.37
1 0.65 0.88 0.2 0.24
1 0.12 0.9325 0.19 0.115
1 0.3325 0.5825 0.115 0.315
1 0.345 0.3375 0.18 0.195
1 0.36 0.0425 0.13 0.085
1 0.745 0.9575 0.2 0.085
1 0.03 0.085 0.06 0.15
1 0.0825 0.8675 0.155 0.265
1 0.1025 0.9675 0.125 0.065
1 0.58 0.86 0.16 0.28
1 0.375 0.025 0.21 0.05
1 0.2825 0.9375 0.205 0.125
5 0.58 0.8 0.15 0.4
1 0.775 0.9225 0.15 0.155
1 0.085 0.9325 0.17 0.135
1 0.34 0.255 0.13 0.3
1 0.7975 0.53 0.165 0.65
1 0.5975 0.925 0.225 0.15
1 0.7 0.935 0.28 0.13
1 0.36 0.0275 0.11 0.055
1 0.06 0.36 0.12 0.31
1 0.325 0.9225 0.1 0.155
1 0.0825 0.1 0.165 0.19
1 0.6475 0.9425 0.145 0.105
1 0.0475 0.795 0.095 0.29
1 0.0825 0.2575 0.165 0.495
1 0.495 0.73 0.09 0.22
1 0.3425 0.3325 0.065 0.155
1 0.075 0.95 0.14 0.1
1 0.3325 0.7075 0.145 0.505
1 0.3475 0.185 0.115 0.15
1 0.5975 0.2375 0.165 0.465
1 0.7875 0.6525 0.125 0.265
1 0.805 0.405 0.12 0.35
1 0.1375 0.4975 0.125 0.255
