1 0.255 0.0625 0.24 0.115
1 0.8325 0.7375 0.315 0.525
1 0.0275 0.675 0.055 0.39
1 0.3575 0.4575 0.195 0.745
1 0.33 0.5775 0.36 0.745
1 0.62 0.0825 0.14 0.135
1 0.255 0.2175 0.33 0.395
1 0.9575 0.115 0.085 0.23
1 0.925 0.0575 0.15 0.115
1 0.5125 0.025 0.145 0.05
1 0.1325 0.605 0.205 0.79
1 0.9775 0.635 0.045 0.73
1 0.5575 0.9375 0.295 0.125
1 0.8475 0.0775 0.185 0.155
1 0.9775 0.05 0.045 0.07
1 0.5675 0.4525 0.215 0.195
1 0.9425 0.8425 0.115 0.315
1 0.7775 0.83 0.205 0.34
1 0.61 0.04 0.1 0.08
1 0.4575 0.8075 0.065 0.185
1 0.3775 0.4675 0.115 0.275
1 0.5575 0.03 0.175 0.06
1 0.8625 0.58 0.185 0.82
1 0.405 0.605 0.2 0.56
1 0.92 0.51 0.16 0.98
1 0.965 0.4725 0.07 0.765
1 0.3525 0.1025 0.095 0.155
1 0.745 0.6275 0.17 0.745
1 0.43 0.74 0.14 0.35
1 0.96 0.05 0.08 0.09
1 0.415 0.6825 0.09 0.195
1 0.49 0.9475 0.14 0.105
1 0.945 0.6275 0.11 0.715
1 0.5825 0.06 0.145 0.12
1 0.4725 0.8775 0.135 0.245
1 0.5675 0.4575 0.075 0.145
1 0.395 0.5625 0.13 0.385
1 0.7975 0.49 0.235 0.96
1 0.225 0.5175 0.36 0.965
