1 0.98 0.8875 0.04 0.145
1 0.79 0.04 0.1 0.08
1 0.015 0.185 0.03 0.37
1 0.5375 0.4575 0.225 0.545
1 0.9775 0.9375 0.045 0.125
1 0.0175 0.78 0.035 0.36
1 0.305 0.17 0.2 0.34
1 0.7925 0.0625 0.155 0.115
1 0.71 0.06 0.25 0.12
1 0.1925 0.03 0.175 0.06
1 0.7175 0.0325 0.105 0.065
1 0.3075 0.095 0.095 0.19
1 0.1375 0.1675 0.265 0.325
0 0.5725 0.85 0.625 0.3
1 0.095 0.8675 0.16 0.265
1 0.94 0.9025 0.12 0.195
1 0.055 0.385 0.11 0.69
1 0.8025 0.4675 0.155 0.575
1 0.6025 0.58 0.185 0.19
1 0.0575 0.0625 0.115 0.125
1 0.015 0.8975 0.03 0.185
1 0.1925 0.625 0.235 0.75
1 0.025 0.5625 0.05 0.385
1 0.16 0.4175 0.2 0.365
1 0.03 0.0975 0.06 0.195
1 0.895 0.3625 0.16 0.475
1 0.9775 0.8425 0.045 0.255
1 0.05 0.8775 0.1 0.245
1 0.0675 0.2 0.135 0.4
1 0.03 0.4175 0.06 0.535
1 0.0225 0.29 0.045 0.27
1 0.785 0.5625 0.11 0.285
1 0.78 0.185 0.16 0.37
1 0.955 0.8125 0.09 0.355
1 0.035 0.05 0.07 0.1
1 0.96 0.72 0.07 0.16
1 0.025 0.8675 0.05 0.265
1 0.03 0.2225 0.06 0.435
1 0.71 0.0575 0.13 0.115
1 0.1925 0.32 0.245 0.61
1 0.6025 0.575 0.075 0.16
1 0.4825 0.56 0.195 0.83
1 0.505 0.37 0.14 0.38
1 0.8375 0.33 0.235 0.6
1 0.9675 0.905 0.065 0.16
1 0.455 0.7375 0.17 0.395
1 0.2275 0.1775 0.235 0.355
1 0.1925 0.4525 0.165 0.225
1 0.2 0.7875 0.2 0.415
1 0.7475 0.87 0.135 0.26
