1 0.98 0.2725 0.04 0.425
1 0.4025 0.2075 0.525 0.345
1 0.3825 0.6 0.485 0.78
0 0.42 0.12 0.75 0.24
1 0.495 0.9175 0.22 0.165
1 0.88 0.285 0.24 0.49
1 0.7725 0.97 0.165 0.06
1 0.6825 0.2375 0.175 0.465
1 0.0325 0.37 0.065 0.41
0 0.3625 0.205 0.725 0.33
1 0.97 0.8175 0.06 0.365
1 0.975 0.3475 0.05 0.695
1 0.655 0.0625 0.18 0.115
1 0.975 0.615 0.05 0.74
1 0.92 0.0775 0.16 0.155
1 0.925 0.89 0.15 0.22
1 0.9525 0.51 0.095 0.96
1 0.9675 0.87 0.055 0.18
1 0.97 0.93 0.06 0.14
1 0.0425 0.4375 0.085 0.695
1 0.6675 0.1225 0.175 0.245
1 0.91 0.7675 0.17 0.385
1 0.9525 0.9 0.095 0.2
1 0.8975 0.465 0.195 0.93
1 0.6725 0.4875 0.175 0.975
