1 0.28 0.9575 0.16 0.085
1 0.2925 0.5975 0.135 0.355
1 0.4775 0.97 0.165 0.06
1 0.21 0.04 0.15 0.08
1 0.4925 0.9425 0.205 0.115
1 0.17 0.92 0.14 0.16
1 0.9775 0.115 0.045 0.23
1 0.05 0.05 0.07 0.1
1 0.865 0.3275 0.16 0.405
1 0.7325 0.205 0.205 0.38
1 0.975 0.8675 0.05 0.265
1 0.71 0.6 0.19 0.58
1 0.0225 0.4225 0.045 0.825
1 0.035 0.5775 0.07 0.305
1 0.8475 0.3875 0.225 0.775
1 0.03 0.925 0.06 0.13
1 0.24 0.94 0.25 0.12
1 0.94 0.8775 0.12 0.235
1 0.0275 0.0825 0.055 0.145
1 0.305 0.855 0.15 0.28
1 0.515 0.0825 0.22 0.165
1 0.2425 0.0625 0.215 0.125
1 0.0525 0.8675 0.105 0.245
1 0.1825 0.97 0.225 0.06
1 0.795 0.845 0.13 0.28
1 0.6475 0.7725 0.055 0.165
1 0.0675 0.675 0.095 0.29
1 0.085 0.09 0.17 0.18
1 0.645 0.8075 0.19 0.305
1 0.46 0.4075 0.07 0.145
1 0.315 0.935 0.15 0.13
1 0.165 0.96 0.12 0.08
1 0.495 0.95 0.1 0.1
1 0.305 0.105 0.19 0.21
1 0.7675 0.505 0.275 0.96
1 0.515 0.085 0.09 0.15
1 0.365 0.0975 0.11 0.185
1 0.7625 0.695 0.225 0.53
1 0.0475 0.085 0.095 0.17
1 0.0625 0.5775 0.125 0.395
1 0.805 0.23 0.24 0.45
1 0.645 0.805 0.09 0.21
1 0.315 0.4775 0.17 0.475
