1 0.63 0.05 0.15 0.09
1 0.5875 0.1325 0.145 0.255
1 0.76 0.81 0.43 0.38
1 0.7225 0.12 0.125 0.23
1 0.4325 0.315 0.205 0.63
1 0.5825 0.055 0.165 0.11
1 0.42 0.0625 0.15 0.125
1 0.3725 0.7225 0.175 0.555
1 0.57 0.42 0.2 0.45
1 0.63 0.6475 0.23 0.705
1 0.905 0.665 0.09 0.5
1 0.595 0.4525 0.11 0.185
1 0.8975 0.5425 0.135 0.545
1 0.6125 0.34 0.205 0.68
1 0.585 0.04 0.11 0.08
1 0.8925 0.5875 0.215 0.825
1 0.9225 0.405 0.145 0.41
1 0.395 0.485 0.16 0.97
1 0.875 0.79 0.15 0.36
1 0.6175 0.495 0.165 0.23
1 0.6275 0.8075 0.185 0.385
1 0.6525 0.2025 0.235 0.405
