1 0.9 0.6025 0.16 0.745
1 0.86 0.92 0.21 0.16
1 0.05 0.035 0.1 0.07
1 0.3 0.1625 0.34 0.295
1 0.335 0.0325 0.13 0.055
1 0.6225 0.065 0.245 0.13
1 0.2475 0.0425 0.155 0.075
1 0.975 0.7425 0.05 0.515
1 0.9775 0.37 0.045 0.73
1 0.0225 0.155 0.045 0.23
1 0.025 0.66 0.05 0.68
1 0.06 0.94 0.12 0.12
1 0.1825 0.9575 0.105 0.085
1 0.18 0.225 0.21 0.41
1 0.3775 0.155 0.135 0.24
1 0.925 0.97 0.12 0.06
1 0.0575 0.485 0.115 0.91
1 0.0325 0.9475 0.065 0.105
1 0.7 0.36 0.18 0.72
1 0.95 0.69 0.1 0.62
1 0.025 0.88 0.05 0.24
1 0.165 0.05 0.1 0.09
1 0.2825 0.03 0.115 0.06
1 0.345 0.05 0.09 0.09
1 0.3525 0.0775 0.135 0.135
1 0.1575 0.12 0.215 0.24
1 0.595 0.155 0.2 0.3
1 0.155 0.065 0.18 0.12
1 0.8125 0.95 0.135 0.1
1 0.29 0.085 0.2 0.14
1 0.03 0.1025 0.06 0.185
1 0.07 0.83 0.14 0.33
1 0.115 0.9125 0.22 0.175
1 0.0575 0.1125 0.115 0.225
1 0.97 0.5425 0.06 0.795
1 0.09 0.7025 0.18 0.585
1 0.2825 0.0575 0.135 0.115
1 0.92 0.69 0.13 0.4
1 0.94 0.46 0.12 0.92
1 0.8025 0.8925 0.135 0.215
1 0.175 0.92 0.13 0.16
1 0.64 0.42 0.22 0.8
1 0.3325 0.1175 0.185 0.235
1 0.13 0.3775 0.24 0.735
