1 0.5575 0.4225 0.095 0.155
0 0.69 0.2375 0.49 0.435
1 0.0925 0.355 0.155 0.71
1 0.9525 0.955 0.075 0.09
1 0.3075 0.365 0.255 0.73
1 0.3625 0.92 0.175 0.16
1 0.92 0.0675 0.15 0.135
1 0.7725 0.7775 0.135 0.355
1 0.8675 0.9225 0.245 0.155
1 0.0325 0.4075 0.065 0.815
1 0.1975 0.935 0.265 0.13
0 0.6925 0.1175 0.605 0.235
1 0.08 0.735 0.16 0.51
1 0.895 0.115 0.21 0.23
1 0.94 0.9225 0.12 0.155
1 0.745 0.1125 0.43 0.225
1 0.7925 0.5975 0.145 0.315
1 0.5675 0.695 0.115 0.32
1 0.9725 0.0575 0.055 0.105
1 0.5225 0.935 0.115 0.11
1 0.3325 0.3075 0.105 0.295
1 0.2075 0.2325 0.175 0.345
1 0.12 0.5525 0.22 0.895
1 0.7075 0.0675 0.215 0.135
1 0.9425 0.775 0.115 0.44
1 0.5275 0.865 0.125 0.27
1 0.7425 0.9425 0.225 0.115
1 0.3175 0.12 0.115 0.24
1 0.0625 0.2075 0.125 0.405
1 0.97 0.1025 0.06 0.205
1 0.065 0.08 0.13 0.16
1 0.97 0.8625 0.06 0.275
1 0.04 0.665 0.07 0.67
1 0.665 0.97 0.18 0.06
1 0.9575 0.4075 0.075 0.215
1 0.0575 0.8425 0.115 0.305
1 0.95 0.295 0.1 0.55
1 0.8 0.865 0.18 0.27
1 0.16 0.705 0.2 0.59
1 0.23 0.8775 0.27 0.245
1 0.31 0.8975 0.14 0.205
1 0.155 0.8525 0.12 0.265
1 0.97 0.9325 0.06 0.125
1 0.55 0.1075 0.23 0.215
1 0.815 0.94 0.16 0.12
1 0.82 0.105 0.18 0.21
1 0.945 0.13 0.11 0.26
1 0.06 0.5 0.12 0.96
1 0.87 0.1025 0.11 0.185
1 0.2325 0.5075 0.235 0.965
1 0.325 0.215 0.14 0.38
1 0.5525 0.0975 0.115 0.195
1 0.82 0.48 0.18 0.49
1 0.555 0.585 0.15 0.43
