1 0.59 0.145 0.21 0.28
1 0.365 0.0625 0.17 0.125
1 0.6 0.755 0.17 0.49
1 0.4475 0.33 0.135 0.41
1 0.92 0.425 0.15 0.85
1 0.6825 0.115 0.245 0.23
1 0.6475 0.05 0.105 0.09
1 0.5325 0.9725 0.155 0.055
1 0.6925 0.5 0.495 1
1 0.2175 0.92 0.205 0.16
1 0.425 0.4025 0.27 0.805
1 0.975 0.405 0.05 0.81
1 0.37 0.675 0.34 0.63
1 0.62 0.79 0.12 0.31
1 0.5325 0.9075 0.305 0.185
1 0.4825 0.24 0.165 0.41
5 0.02 0.3825 0.04 0.745
1 0.8375 0.1125 0.185 0.225
1 0.3425 0.97 0.145 0.06
1 0.74 0.5075 0.23 0.785
1 0.6325 0.9425 0.165 0.115
1 0.56 0.2625 0.2 0.495
1 0.955 0.5075 0.09 0.765
1 0.515 0.975 0.25 0.05
1 0.6125 0.97 0.135 0.06
1 0.65 0.0825 0.14 0.165
1 0.645 0.2675 0.19 0.535
1 0.615 0.8775 0.15 0.245
1 0.465 0.3275 0.09 0.275
1 0.5625 0.96 0.235 0.08
1 0.5625 0.12 0.115 0.22
1 0.615 0.62 0.12 0.49
1 0.15 0.9025 0.14 0.195
1 0.6125 0.475 0.155 0.94
1 0.83 0.4875 0.27 0.975
1 0.35 0.4875 0.21 0.975
