5 0.7675 0.9575 0.465 0.085
3 0.8475 0.5825 0.305 0.835
1 0.05 0.955 0.07 0.09
3 0.0825 0.8075 0.165 0.375
5 0.5575 0.95 0.885 0.1
1 0.98 0.415 0.04 0.31
0 0.5225 0.555 0.955 0.72
3 0.1225 0.9075 0.245 0.185
1 0.0625 0.38 0.125 0.22
4 0.1225 0.9475 0.245 0.105
4 0.0575 0.895 0.115 0.21
1 0.13 0.37 0.24 0.22
3 0.165 0.1275 0.33 0.175
1 0.9725 0.4175 0.055 0.565
3 0.39 0.755 0.78 0.42
3 0.435 0.5425 0.87 0.685
3 0.675 0.635 0.65 0.69
1 0.325 0.3725 0.65 0.325
1 0.1625 0.425 0.325 0.13
1 0.3025 0.4025 0.575 0.165
