1 0.2725 0.05 0.125 0.09
1 0.2575 0.5775 0.205 0.675
1 0.3675 0.2625 0.415 0.525
1 0.4575 0.055 0.215 0.11
1 0.7725 0.05 0.205 0.09
1 0.5225 0.03 0.145 0.06
1 0.5775 0.1675 0.195 0.305
1 0.3875 0.585 0.215 0.68
1 0.705 0.85 0.15 0.24
1 0.1975 0.5025 0.155 0.725
1 0.655 0.175 0.08 0.17
1 0.6275 0.3425 0.085 0.155
1 0.6275 0.2375 0.145 0.355
1 0.79 0.0325 0.14 0.065
1 0.4975 0.05 0.115 0.1
1 0.6575 0.8925 0.205 0.215
1 0.1775 0.425 0.135 0.42
1 0.4025 0.6675 0.145 0.335
1 0.5075 0.145 0.145 0.29
1 0.7325 0.65 0.235 0.62
