1 0.905 0.55 0.19 0.9
1 0.9775 0.12 0.045 0.24
1 0.3425 0.89 0.195 0.22
1 0.36 0.06 0.18 0.12
1 0.02 0.6925 0.04 0.375
1 0.5125 0.9475 0.235 0.095
1 0.47 0.415 0.09 0.22
1 0.02 0.1725 0.04 0.295
1 0.105 0.85 0.19 0.3
1 0.975 0.4725 0.05 0.945
1 0.0475 0.795 0.095 0.31
1 0.0175 0.085 0.035 0.17
1 0.205 0.06 0.15 0.12
1 0.025 0.26 0.05 0.52
1 0.96 0.165 0.08 0.19
1 0.4425 0.6 0.225 0.33
1 0.0575 0.08 0.115 0.16
1 0.5 0.8925 0.22 0.215
1 0.0625 0.26 0.125 0.49
1 0.385 0.9325 0.24 0.135
0 0.6375 0.5225 0.545 0.475
1 0.4775 0.96 0.125 0.08
1 0.04 0.85 0.08 0.3
1 0.0975 0.37 0.195 0.24
1 0.0325 0.12 0.065 0.24
1 0.0325 0.05 0.065 0.1
1 0.0275 0.795 0.055 0.27
1 0.4575 0.9225 0.155 0.155
1 0.08 0.37 0.1 0.2
1 0.4425 0.6 0.105 0.25
1 0.16 0.8625 0.12 0.275
1 0.4975 0.22 0.155 0.24
