1 0.47 0.06 0.23 0.12
1 0.4175 0.4025 0.395 0.755
1 0.9775 0.8175 0.045 0.315
1 0.74 0.0775 0.18 0.155
1 0.0225 0.3825 0.045 0.725
1 0.825 0.825 0.13 0.22
1 0.94 0.9575 0.12 0.085
0 0.3475 0.06 0.695 0.12
1 0.8925 0.685 0.215 0.63
3 0.3575 0.445 0.715 0.89
1 0.9 0.9275 0.17 0.145
1 0.4175 0.8975 0.125 0.205
1 0.9175 0.1025 0.165 0.205
1 0.76 0.86 0.26 0.28
1 0.72 0.94 0.27 0.12
1 0.6 0.915 0.24 0.17
1 0.685 0.7775 0.2 0.445
0 0.3425 0.135 0.685 0.27
1 0.9675 0.725 0.065 0.52
1 0.7 0.1175 0.17 0.235
1 0.8225 0.9425 0.275 0.115
1 0.9575 0.865 0.085 0.27
1 0.4425 0.05 0.125 0.1
1 0.665 0.885 0.19 0.23
1 0.0625 0.2225 0.125 0.395
1 0.96 0.3625 0.08 0.725
1 0.9025 0.85 0.185 0.3
1 0.87 0.075 0.11 0.15
1 0.7075 0.045 0.145 0.09
1 0.635 0.9375 0.13 0.125
1 0.95 0.6375 0.1 0.725
1 0.8425 0.8775 0.195 0.245
1 0.915 0.2275 0.16 0.425
1 0.9225 0.5975 0.135 0.455
1 0.9025 0.9475 0.125 0.105
1 0.9225 0.455 0.155 0.91
1 0.7 0.4825 0.18 0.965
