1 0.0325 0.0825 0.065 0.165
1 0.19 0.0475 0.24 0.095
1 0.02 0.8675 0.04 0.235
1 0.0325 0.05 0.065 0.08
1 0.1525 0.5275 0.135 0.425
0 0.3325 0.5225 0.475 0.295
1 0.98 0.2375 0.04 0.435
1 0.0825 0.0425 0.165 0.085
1 0.03 0.92 0.06 0.16
1 0.39 0.7375 0.07 0.355
1 0.135 0.86 0.15 0.28
1 0.1025 0.0225 0.205 0.045
1 0.1575 0.44 0.175 0.8
1 0.18 0.3525 0.12 0.265
1 0.165 0.03 0.15 0.06
1 0.045 0.0225 0.09 0.045
1 0.04 0.86 0.08 0.17
1 0.3825 0.185 0.125 0.37
1 0.3925 0.29 0.225 0.19
1 0.0925 0.0275 0.115 0.055
1 0.63 0.9025 0.24 0.195
1 0.9725 0.1375 0.055 0.275
1 0.27 0.71 0.2 0.22
1 0.38 0.0925 0.07 0.135
1 0.2025 0.0425 0.115 0.085
1 0.0375 0.0375 0.075 0.075
1 0.63 0.9125 0.11 0.175
1 0.27 0.7075 0.08 0.175
1 0.395 0.2825 0.09 0.165
1 0.14 0.7 0.16 0.59
1 0.16 0.28 0.13 0.32
1 0.6825 0.5625 0.165 0.245
