1 0.765 0.8725 0.16 0.245
1 0.6375 0.05 0.095 0.1
1 0.3825 0.0575 0.245 0.115
1 0.955 0.78 0.09 0.38
1 0.6275 0.8875 0.165 0.225
1 0.835 0.7175 0.1 0.195
1 0.975 0.335 0.05 0.67
1 0.675 0.765 0.12 0.47
1 0.4175 0.6975 0.255 0.605
1 0.905 0.0775 0.19 0.155
1 0.9375 0.65 0.125 0.65
1 0.485 0.35 0.28 0.64
1 0.675 0.115 0.15 0.23
1 0.9225 0.1525 0.155 0.305
1 0.8975 0.5125 0.175 0.585
1 0.975 0.645 0.05 0.71
1 0.665 0.925 0.1 0.11
1 0.7225 0.1275 0.125 0.245
1 0.155 0.04 0.12 0.08
1 0.585 0.9575 0.14 0.085
1 0.44 0.085 0.24 0.17
1 0.6925 0.7725 0.085 0.115
1 0.6325 0.16 0.175 0.32
1 0.9325 0.05 0.085 0.1
1 0.6575 0.36 0.115 0.41
1 0.8075 0.825 0.195 0.35
1 0.425 0.8 0.19 0.39
1 0.6225 0.9675 0.115 0.065
1 0.76 0.35 0.24 0.6
1 0.665 0.665 0.09 0.25
1 0.775 0.4225 0.14 0.475
1 0.9375 0.0775 0.125 0.155
1 0.8725 0.5125 0.255 0.945
1 0.635 0.0875 0.13 0.175
1 0.63 0.9425 0.14 0.115
1 0.6675 0.275 0.185 0.55
1 0.4275 0.49 0.185 0.97
