3 0.2525 0.0575 0.505 0.115
1 0.955 0.125 0.09 0.25
1 0.46 0.235 0.46 0.47
3 0.495 0.2125 0.57 0.425
1 0.3825 0.05 0.195 0.1
1 0.8 0.95 0.13 0.09
1 0.9825 0.1825 0.035 0.245
1 0.3875 0.03 0.135 0.06
1 0.9575 0.3125 0.085 0.595
1 0.3625 0.1225 0.115 0.245
1 0.79 0.6525 0.12 0.285
1 0.9775 0.22 0.045 0.4
0 0.645 0.56 0.52 0.54
1 0.785 0.715 0.19 0.18
0 0.53 0.17 0.55 0.34
1 0.36 0.5725 0.19 0.195
1 0.6475 0.96 0.135 0.08
1 0.38 0.05 0.09 0.1
1 0.7825 0.71 0.075 0.15
1 0.3625 0.575 0.065 0.16
1 0.3475 0.24 0.145 0.42
