1 0.3675 0.935 0.165 0.13
1 0.9725 0.78 0.055 0.44
1 0.6525 0.0625 0.155 0.115
1 0.78 0.935 0.23 0.13
1 0.0725 0.97 0.145 0.06
1 0.1225 0.92 0.245 0.16
1 0.0425 0.9075 0.085 0.165
1 0.095 0.135 0.18 0.26
1 0.05 0.9575 0.08 0.085
1 0.9725 0.235 0.055 0.46
1 0.235 0.4575 0.09 0.245
1 0.66 0.13 0.18 0.26
1 0.81 0.8775 0.14 0.245
1 0.9125 0.94 0.175 0.12
1 0.6725 0.6175 0.145 0.425
1 0.0225 0.42 0.045 0.65
1 0.2225 0.88 0.185 0.24
1 0.1475 0.96 0.195 0.08
1 0.0325 0.14 0.065 0.16
1 0.945 0.2675 0.11 0.525
1 0.025 0.8675 0.05 0.255
1 0.8925 0.8775 0.205 0.245
1 0.9475 0.8425 0.105 0.295
1 0.5675 0.0325 0.125 0.065
1 0.95 0.1225 0.1 0.245
1 0.06 0.845 0.12 0.29
1 0.0625 0.9375 0.125 0.125
1 0.39 0.0525 0.23 0.105
1 0.1275 0.635 0.185 0.47
1 0.3775 0.5575 0.135 0.255
1 0.0525 0.12 0.105 0.23
1 0.7 0.6125 0.09 0.245
1 0.87 0.96 0.16 0.08
1 0.1825 0.81 0.215 0.32
1 0.395 0.4975 0.25 0.165
1 0.2175 0.96 0.145 0.08
1 0.5575 0.97 0.135 0.06
1 0.7725 0.1875 0.185 0.215
1 0.4 0.305 0.11 0.2
1 0.415 0.0325 0.12 0.065
1 0.3775 0.87 0.215 0.26
1 0.395 0.21 0.11 0.33
1 0.3875 0.6575 0.165 0.185
1 0.0925 0.6675 0.145 0.305
1 0.85 0.9175 0.17 0.165
1 0.3875 0.05 0.105 0.1
1 0.7725 0.1825 0.075 0.185
1 0.3975 0.3075 0.075 0.115
1 0.3875 0.6575 0.065 0.145
1 0.8475 0.7675 0.145 0.445
1 0.1125 0.4125 0.205 0.825
1 0.655 0.38 0.15 0.73
1 0.395 0.4975 0.11 0.145
1 0.3775 0.885 0.115 0.23
1 0.185 0.8075 0.12 0.235
