1 0.85 0.8625 0.09 0.175
1 0.74 0.0625 0.15 0.115
1 0.42 0.8625 0.16 0.275
1 0.3075 0.785 0.395 0.42
1 0.6225 0.225 0.325 0.45
1 0.47 0.79 0.24 0.4
1 0.3275 0.45 0.105 0.18
1 0.1325 0.0775 0.245 0.155
1 0.795 0.935 0.2 0.13
1 0.7175 0.9575 0.155 0.085
1 0.7125 0.7325 0.195 0.525
1 0.7275 0.12 0.165 0.24
1 0.205 0.6925 0.14 0.315
1 0.8425 0.9575 0.095 0.085
1 0.1875 0.055 0.195 0.11
1 0.735 0.2725 0.16 0.535
1 0.81 0.4175 0.23 0.825
1 0.61 0.1625 0.18 0.305
1 0.725 0.88 0.16 0.24
1 0.6225 0.1075 0.115 0.205
1 0.52 0.2525 0.23 0.485
1 0.22 0.0425 0.12 0.075
1 0.8475 0.915 0.115 0.17
1 0.34 0.5775 0.14 0.385
1 0.5475 0.175 0.145 0.34
1 0.4475 0.31 0.125 0.33
1 0.4125 0.7025 0.255 0.595
1 0.205 0.8025 0.17 0.385
1 0.735 0.495 0.19 0.99
1 0.1825 0.2125 0.235 0.415
