0 0.3375 0.1825 0.635 0.365
1 0.03 0.155 0.06 0.31
2 0.9775 0.335 0.045 0.58
2 0.1825 0.7 0.275 0.6
2 0.1375 0.55 0.185 0.35
2 0.915 0.08 0.17 0.16
2 0.7025 0.055 0.595 0.11
0 0.845 0.9575 0.31 0.085
2 0.2025 0.975 0.325 0.05
2 0.9225 0.6175 0.155 0.585
2 0.96 0.81 0.08 0.38
2 0.7825 0.03 0.375 0.06
0 0.6125 0.06 0.775 0.12
2 0.92 0.1875 0.16 0.365
2 0.9875 0.72 0.025 0.37
2 0.9825 0.5325 0.035 0.215
2 0.9725 0.7075 0.055 0.475
2 0.87 0.12 0.25 0.24
2 0.16 0.5625 0.13 0.225
2 0.8525 0.04 0.195 0.08
2 0.9775 0.2025 0.045 0.255
2 0.955 0.5925 0.09 0.445
2 0.8375 0.0625 0.285 0.125
2 0.95 0.335 0.1 0.66
2 0.9575 0.2225 0.085 0.345
2 0.9725 0.545 0.055 0.31
2 0.825 0.34 0.33 0.63
2 0.1575 0.8525 0.295 0.295
2 0.1525 0.15 0.215 0.3
