2 0.33 0.975 0.38 0.05
5 0.655 0.9475 0.69 0.105
1 0.615 0.77 0.33 0.41
2 0.975 0.12 0.05 0.24
2 0.1175 0.9475 0.235 0.105
2 0.345 0.045 0.31 0.09
2 0.775 0.05 0.24 0.1
2 0.41 0.94 0.42 0.12
1 0.54 0.8075 0.21 0.245
2 0.165 0.0375 0.33 0.075
2 0.91 0.2375 0.18 0.475
2 0.405 0.1825 0.47 0.355
2 0.845 0.1425 0.31 0.265
2 0.08 0.1175 0.16 0.235
4 0.74 0.48 0.45 0.55
5 0.6225 0.975 0.755 0.05
2 0.8425 0.03 0.315 0.06
2 0.8175 0.405 0.365 0.31
0 0.77 0.4075 0.45 0.405
2 0.5275 0.975 0.665 0.05
2 0.305 0.2275 0.24 0.255
2 0.08 0.05 0.16 0.09
2 0.555 0.8325 0.56 0.295
2 0.2775 0.955 0.415 0.09
2 0.26 0.03 0.39 0.06
2 0.7675 0.31 0.455 0.55
2 0.5725 0.945 0.855 0.11
1 0.5575 0.775 0.115 0.21
2 0.8775 0.055 0.245 0.11
2 0.365 0.1 0.35 0.2
2 0.94 0.8525 0.12 0.295
1 0.7275 0.0325 0.095 0.065
2 0.78 0.09 0.35 0.18
1 0.73 0.06 0.25 0.12
2 0.115 0.03 0.23 0.06
1 0.5575 0.8075 0.085 0.115
2 0.23 0.06 0.46 0.12
2 0.9075 0.1025 0.185 0.205
2 0.2625 0.135 0.385 0.27
1 0.7275 0.0575 0.125 0.115
2 0.905 0.4 0.17 0.29
2 0.245 0.7075 0.48 0.575
2 0.765 0.8475 0.44 0.305
