2 0.7075 0.955 0.505 0.09
3 0.5125 0.165 0.415 0.32
2 0.7925 0.9725 0.415 0.055
1 0.4725 0.33 0.355 0.63
2 0.8325 0.83 0.285 0.34
2 0.9725 0.56 0.055 0.77
3 0.69 0.345 0.48 0.67
2 0.0925 0.5825 0.185 0.415
2 0.135 0.3125 0.27 0.565
2 0.3475 0.975 0.465 0.05
0 0.1225 0.375 0.245 0.49
2 0.92 0.6575 0.16 0.685
2 0.9875 0.4275 0.025 0.545
4 0.1975 0.3375 0.395 0.535
2 0.305 0.945 0.58 0.11
2 0.985 0.2925 0.03 0.305
3 0.665 0.6175 0.66 0.765
2 0.45 0.83 0.26 0.34
0 0.265 0.2975 0.53 0.555
3 0.86 0.655 0.28 0.69
2 0.97 0.8175 0.06 0.365
3 0.445 0.3625 0.6 0.725
2 0.08 0.88 0.16 0.24
2 0.9375 0.235 0.125 0.45
0 0.8075 0.065 0.385 0.13
2 0.2725 0.14 0.505 0.28
0 0.87 0.3 0.26 0.55
2 0.31 0.7 0.62 0.57
2 0.245 0.025 0.31 0.05
2 0.965 0.9625 0.07 0.075
2 0.8125 0.9125 0.375 0.175
2 0.4825 0.9475 0.285 0.105
2 0.155 0.08 0.3 0.16
2 0.115 0.4525 0.23 0.305
2 0.9 0.97 0.2 0.06
0 0.8825 0.125 0.235 0.25
2 0.49 0.9775 0.33 0.045
4 0.2675 0.195 0.505 0.39
3 0.815 0.205 0.37 0.4
2 0.975 0.325 0.05 0.48
2 0.24 0.04 0.48 0.08
2 0.88 0.9475 0.24 0.105
2 0.9025 0.1275 0.195 0.255
2 0.915 0.8375 0.17 0.315
2 0.9675 0.9325 0.065 0.125
0 0.8125 0.175 0.375 0.35
2 0.9375 0.955 0.125 0.09
2 0.9475 0.8775 0.105 0.245
2 0.8375 0.1875 0.325 0.375
2 0.8375 0.615 0.325 0.77
3 0.81 0.4625 0.36 0.925
2 0.0975 0.4925 0.175 0.175
2 0.1525 0.0275 0.285 0.055
2 0.5075 0.7575 0.225 0.295
2 0.4175 0.1525 0.245 0.305
