2 0.945 0.155 0.11 0.31
2 0.09 0.965 0.18 0.07
2 0.97 0.935 0.06 0.12
0 0.7725 0.1125 0.455 0.225
2 0.73 0.0475 0.54 0.095
2 0.6575 0.8975 0.505 0.195
2 0.635 0.975 0.55 0.05
2 0.9375 0.955 0.125 0.09
2 0.3675 0.955 0.625 0.09
2 0.085 0.3175 0.17 0.635
0 0.49 0.0775 0.69 0.155
2 0.9025 0.88 0.195 0.24
5 0.41 0.76 0.82 0.26
2 0.95 0.8375 0.1 0.325
4 0.2 0.155 0.4 0.31
0 0.825 0.0425 0.35 0.085
0 0.34 0.955 0.68 0.09
0 0.655 0.0525 0.69 0.105
0 0.9 0.1275 0.2 0.255
2 0.1225 0.735 0.245 0.22
0 0.34 0.7575 0.68 0.275
2 0.22 0.97 0.44 0.06
2 0.79 0.03 0.37 0.06
2 0.0875 0.1575 0.175 0.315
0 0.3325 0.135 0.665 0.25
1 0.1025 0.97 0.165 0.06
2 0.13 0.975 0.23 0.05
2 0.11 0.495 0.22 0.47
2 0.0625 0.14 0.125 0.28
2 0.7675 0.895 0.215 0.21
2 0.8325 0.4775 0.165 0.255
