2 0.2275 0.3175 0.245 0.615
2 0.1025 0.9125 0.205 0.175
2 0.7075 0.9775 0.495 0.045
2 0.16 0.085 0.32 0.17
2 0.305 0.63 0.27 0.74
2 0.2225 0.9725 0.365 0.055
2 0.8475 0.3775 0.305 0.755
2 0.1025 0.055 0.205 0.11
2 0.2625 0.9025 0.325 0.195
2 0.765 0.0525 0.34 0.105
2 0.7575 0.0275 0.285 0.055
2 0.3975 0.9575 0.415 0.085
2 0.195 0.945 0.38 0.11
2 0.145 0.0275 0.29 0.055
2 0.2 0.19 0.22 0.33
2 0.765 0.5775 0.38 0.355
2 0.2 0.0425 0.3 0.085
2 0.255 0.79 0.29 0.42
2 0.2275 0.5425 0.305 0.915
2 0.725 0.83 0.43 0.34
2 0.74 0.3275 0.43 0.655
