2 0.03 0.935 0.06 0.13
0 0.84 0.9125 0.32 0.175
3 0.0775 0.67 0.155 0.66
3 0.055 0.16 0.11 0.32
1 0.4075 0.1275 0.505 0.245
2 0.48 0.845 0.22 0.29
0 0.685 0.265 0.63 0.41
2 0.97 0.29 0.06 0.39
2 0.1275 0.945 0.255 0.11
0 0.96 0.105 0.08 0.21
3 0.4125 0.0875 0.745 0.175
2 0.16 0.8125 0.32 0.365
2 0.5575 0.9475 0.445 0.105
0 0.745 0.03 0.45 0.06
2 0.08 0.5275 0.16 0.855
1 0.35 0.2325 0.28 0.435
3 0.4225 0.6975 0.605 0.605
4 0.1175 0.84 0.235 0.32
2 0.0325 0.8625 0.065 0.275
3 0.1175 0.4475 0.235 0.855
2 0.0225 0.595 0.045 0.42
3 0.1625 0.09 0.325 0.18
3 0.3375 0.425 0.625 0.85
0 0.8775 0.095 0.245 0.19
3 0.355 0.305 0.33 0.58
0 0.6925 0.9425 0.615 0.115
3 0.06 0.8475 0.12 0.305
4 0.0825 0.5825 0.165 0.805
2 0.9475 0.29 0.105 0.51
0 0.9075 0.2075 0.175 0.415
4 0.055 0.86 0.11 0.28
1 0.4075 0.1725 0.135 0.145
3 0.1275 0.1925 0.245 0.385
2 0.055 0.8025 0.11 0.385
0 0.9375 0.0675 0.125 0.135
1 0.3775 0.235 0.155 0.28
0 0.9675 0.2225 0.065 0.385
3 0.055 0.42 0.11 0.84
0 0.835 0.05 0.33 0.1
2 0.045 0.6 0.09 0.61
0 0.9425 0.155 0.115 0.31
2 0.4925 0.7025 0.345 0.505
2 0.435 0.3225 0.28 0.335
