0 0.77 0.9575 0.46 0.085
2 0.1325 0.575 0.245 0.85
2 0.985 0.105 0.03 0.21
2 0.2675 0.0575 0.495 0.115
0 0.915 0.875 0.17 0.25
2 0.2 0.9025 0.4 0.195
0 0.2375 0.09 0.475 0.18
3 0.045 0.455 0.09 0.87
5 0.945 0.8425 0.11 0.305
2 0.02 0.8625 0.04 0.205
2 0.0525 0.7425 0.105 0.485
2 0.42 0.0275 0.28 0.055
2 0.925 0.04 0.14 0.08
2 0.8725 0.33 0.235 0.37
2 0.9725 0.2725 0.055 0.505
2 0.9425 0.33 0.115 0.63
2 0.83 0.03 0.3 0.06
0 0.87 0.9425 0.26 0.115
2 0.405 0.8725 0.21 0.255
2 0.97 0.1175 0.06 0.235
2 0.03 0.815 0.06 0.34
2 0.91 0.195 0.18 0.39
2 0.94 0.08 0.12 0.16
2 0.96 0.065 0.07 0.13
2 0.4175 0.7475 0.305 0.485
2 0.955 0.1675 0.09 0.335
2 0.88 0.0575 0.24 0.115
2 0.05 0.8875 0.1 0.215
2 0.845 0.2975 0.17 0.205
2 0.4325 0.4775 0.355 0.955
