0 0.775 0.0875 0.44 0.175
2 0.4825 0.3025 0.385 0.275
2 0.9125 0.805 0.175 0.37
2 0.3675 0.8575 0.275 0.265
2 0.5525 0.765 0.255 0.46
2 0.94 0.8725 0.12 0.245
1 0.3675 0.69 0.155 0.49
1 0.9725 0.295 0.055 0.59
1 0.945 0.3125 0.11 0.595
2 0.9425 0.665 0.115 0.64
2 0.94 0.3375 0.12 0.675
2 0.1875 0.9725 0.365 0.055
0 0.905 0.1275 0.19 0.255
2 0.9725 0.3175 0.055 0.635
2 0.0275 0.3125 0.055 0.495
2 0.06 0.275 0.12 0.35
1 0.3675 0.74 0.115 0.27
2 0.1475 0.88 0.295 0.24
0 0.155 0.945 0.31 0.11
0 0.0625 0.76 0.125 0.32
2 0.485 0.9025 0.64 0.195
2 0.875 0.9025 0.25 0.195
2 0.5825 0.97 0.445 0.06
0 0.875 0.065 0.25 0.13
2 0.8025 0.855 0.375 0.28
2 0.435 0.2925 0.23 0.185
2 0.125 0.9425 0.25 0.115
0 0.1025 0.8775 0.205 0.245
2 0.05 0.4025 0.1 0.415
2 0.635 0.8775 0.32 0.245
1 0.4325 0.2725 0.205 0.165
2 0.775 0.955 0.32 0.09
2 0.665 0.9475 0.29 0.105
2 0.73 0.91 0.26 0.18
2 0.0575 0.46 0.105 0.2
1 0.37 0.79 0.09 0.12
2 0.705 0.9725 0.26 0.055
2 0.515 0.5175 0.4 0.395
