2 0.655 0.9225 0.63 0.155
2 0.7575 0.97 0.445 0.06
0 0.13 0.945 0.26 0.11
2 0.4425 0.2325 0.465 0.395
2 0.6525 0.955 0.435 0.09
2 0.445 0.8725 0.55 0.255
0 0.9225 0.85 0.145 0.3
2 0.23 0.9425 0.44 0.115
2 0.41 0.945 0.49 0.11
2 0.295 0.975 0.4 0.05
2 0.49 0.97 0.56 0.06
2 0.3325 0.8975 0.305 0.205
2 0.3325 0.255 0.235 0.35
0 0.17 0.8975 0.34 0.205
5 0.73 0.74 0.13 0.47
0 0.8125 0.9525 0.335 0.095
0 0.8775 0.905 0.245 0.19
2 0.1875 0.8725 0.375 0.255
0 0.055 0.88 0.11 0.24
2 0.2825 0.835 0.185 0.33
2 0.29 0.195 0.19 0.21
2 0.6325 0.4225 0.435 0.445
