4 0.9075 0.1225 0.185 0.245
4 0.3375 0.3425 0.595 0.495
2 0.4825 0.265 0.495 0.38
2 0.0275 0.8625 0.055 0.275
0 0.2075 0.3075 0.415 0.575
2 0.0475 0.925 0.095 0.15
2 0.2275 0.945 0.455 0.11
4 0.485 0.1925 0.55 0.335
3 0.8075 0.39 0.385 0.78
2 0.87 0.9075 0.26 0.185
2 0.5925 0.0875 0.695 0.175
2 0.0925 0.875 0.185 0.25
0 0.6625 0.1975 0.495 0.355
0 0.71 0.955 0.58 0.09
4 0.06 0.875 0.12 0.25
4 0.1625 0.8775 0.325 0.245
0 0.1225 0.9425 0.245 0.115
2 0.5425 0.975 0.485 0.05
2 0.1025 0.9425 0.205 0.115
0 0.3525 0.195 0.705 0.38
0 0.5075 0.0775 0.685 0.155
2 0.575 0.465 0.41 0.71
2 0.235 0.505 0.23 0.23
