2 0.8425 0.02 0.315 0.04
2 0.4025 0.905 0.685 0.19
2 0.98 0.265 0.04 0.29
2 0.615 0.975 0.38 0.05
4 0.915 0.8025 0.17 0.365
2 0.955 0.2925 0.09 0.405
2 0.975 0.7775 0.05 0.405
4 0.8525 0.7025 0.275 0.355
2 0.875 0.0875 0.24 0.175
0 0.0575 0.13 0.115 0.26
2 0.8025 0.1225 0.345 0.245
2 0.7375 0.235 0.505 0.47
4 0.7975 0.81 0.405 0.35
0 0.03 0.1875 0.06 0.375
2 0.545 0.9575 0.41 0.085
2 0.3125 0.955 0.495 0.09
2 0.09 0.865 0.18 0.26
2 0.49 0.2225 0.66 0.225
2 0.9375 0.935 0.125 0.13
2 0.66 0.9425 0.36 0.115
2 0.22 0.975 0.4 0.05
4 0.675 0.7325 0.34 0.535
2 0.9225 0.35 0.155 0.66
2 0.9725 0.2 0.055 0.27
2 0.8375 0.94 0.325 0.12
2 0.445 0.7675 0.63 0.445
2 0.6025 0.04 0.515 0.08
4 0.4825 0.77 0.655 0.44
2 0.4075 0.22 0.255 0.19
2 0.395 0.975 0.52 0.05
2 0.9475 0.845 0.105 0.31
2 0.76 0.91 0.48 0.18
2 0.9425 0.155 0.115 0.3
2 0.7675 0.05 0.425 0.1
2 0.7 0.67 0.33 0.66
2 0.755 0.0275 0.34 0.055
2 0.2175 0.8625 0.385 0.275
2 0.735 0.4925 0.46 0.985
