2 0.975 0.81 0.05 0.38
2 0.4425 0.1125 0.325 0.165
2 0.5375 0.95 0.395 0.08
2 0.02 0.31 0.04 0.36
2 0.0175 0.2275 0.035 0.285
2 0.47 0.045 0.48 0.09
0 0.9575 0.2275 0.085 0.355
2 0.1675 0.1675 0.335 0.315
2 0.2675 0.13 0.285 0.26
2 0.0475 0.955 0.065 0.09
2 0.0275 0.38 0.055 0.71
2 0.025 0.925 0.05 0.13
2 0.315 0.03 0.44 0.06
2 0.295 0.1725 0.18 0.205
2 0.0225 0.69 0.045 0.59
2 0.1225 0.975 0.245 0.05
2 0.09 0.9175 0.18 0.165
2 0.155 0.8475 0.31 0.305
2 0.26 0.9225 0.52 0.155
2 0.345 0.9575 0.54 0.085
2 0.0325 0.8325 0.065 0.335
2 0.075 0.1675 0.15 0.315
2 0.42 0.1 0.57 0.2
2 0.2 0.97 0.36 0.06
2 0.58 0.9725 0.36 0.055
2 0.5775 0.2 0.475 0.4
2 0.0425 0.27 0.085 0.42
2 0.0825 0.9575 0.165 0.085
2 0.0775 0.8075 0.155 0.385
2 0.05 0.9325 0.09 0.125
2 0.0575 0.8825 0.115 0.235
2 0.155 0.9425 0.31 0.115
2 0.03 0.1875 0.06 0.295
2 0.6175 0.49 0.395 0.97
