2 0.5525 0.8575 0.235 0.285
2 0.15 0.19 0.27 0.38
2 0.01 0.87 0.02 0.26
2 0.115 0.525 0.23 0.87
0 0.695 0.13 0.61 0.25
2 0.53 0.7775 0.3 0.255
2 0.55 0.115 0.72 0.23
2 0.7225 0.975 0.455 0.05
0 0.7225 0.81 0.555 0.38
0 0.7775 0.9575 0.375 0.085
2 0.02 0.9325 0.04 0.135
3 0.1 0.525 0.2 0.87
0 0.935 0.8025 0.13 0.385
3 0.0425 0.3475 0.085 0.685
2 0.0425 0.545 0.085 0.84
2 0.485 0.87 0.12 0.23
0 0.34 0.0575 0.65 0.115
2 0.04 0.875 0.08 0.25
2 0.8575 0.9425 0.285 0.115
1 0.485 0.88 0.13 0.15
2 0.3775 0.63 0.515 0.74
0 0.4825 0.09 0.815 0.18
2 0.0275 0.6875 0.055 0.625
0 0.7675 0.9075 0.465 0.185
0 0.88 0.775 0.24 0.45
0 0.9425 0.63 0.115 0.28
0 0.345 0.165 0.69 0.33
2 0.555 0.0525 0.56 0.105
2 0.51 0.025 0.48 0.05
3 0.335 0.3775 0.55 0.735
0 0.68 0.0625 0.64 0.125
2 0.08 0.8775 0.16 0.245
2 0.0175 0.8675 0.035 0.175
2 0.865 0.9725 0.24 0.055
2 0.045 0.81 0.09 0.38
2 0.885 0.8925 0.21 0.215
0 0.8775 0.9425 0.245 0.115
0 0.8975 0.88 0.205 0.24
2 0.025 0.87 0.05 0.26
2 0.575 0.7925 0.19 0.175
2 0.445 0.4975 0.34 0.445
