2 0.095 0.77 0.19 0.45
2 0.1725 0.975 0.345 0.05
2 0.875 0.025 0.25 0.05
2 0.9725 0.31 0.055 0.59
2 0.5825 0.98 0.325 0.04
2 0.795 0.0525 0.41 0.105
2 0.9575 0.4725 0.085 0.595
2 0.8875 0.1525 0.225 0.305
2 0.9875 0.5675 0.025 0.555
2 0.8725 0.9425 0.255 0.115
0 0.415 0.735 0.82 0.37
0 0.7325 0.9475 0.525 0.105
0 0.0875 0.19 0.175 0.38
0 0.5275 0.805 0.445 0.28
2 0.9075 0.08 0.185 0.16
2 0.9225 0.58 0.155 0.84
2 0.095 0.98 0.19 0.04
2 0.065 0.9575 0.13 0.085
0 0.1775 0.0275 0.355 0.055
1 0.9825 0.1475 0.035 0.215
0 0.0575 0.05 0.115 0.1
0 0.41 0.8675 0.73 0.265
2 0.0325 0.1575 0.065 0.305
2 0.76 0.0275 0.43 0.055
0 0.045 0.2575 0.09 0.445
2 0.9625 0.085 0.075 0.17
0 0.04 0.51 0.08 0.55
2 0.945 0.27 0.11 0.54
2 0.075 0.97 0.15 0.06
2 0.94 0.0525 0.12 0.105
2 0.56 0.95 0.38 0.1
2 0.9725 0.9125 0.055 0.175
2 0.92 0.87 0.16 0.26
2 0.985 0.905 0.03 0.19
2 0.5875 0.875 0.355 0.24
1 0.97 0.1475 0.06 0.275
0 0.1 0.0625 0.2 0.125
2 0.9775 0.1675 0.045 0.285
2 0.6675 0.97 0.405 0.06
2 0.985 0.7375 0.03 0.435
2 0.63 0.805 0.32 0.23
2 0.975 0.6175 0.05 0.705
0 0.055 0.1325 0.11 0.265
2 0.945 0.125 0.11 0.25
2 0.9525 0.735 0.095 0.53
2 0.97 0.815 0.06 0.37
2 0.4475 0.355 0.215 0.24
