0 0.2925 0.335 0.525 0.49
2 0.8425 0.9725 0.315 0.055
0 0.305 0.845 0.61 0.31
1 0.9175 0.735 0.155 0.52
0 0.41 0.95 0.74 0.1
2 0.915 0.8425 0.17 0.305
2 0.845 0.125 0.29 0.25
2 0.015 0.2 0.03 0.32
1 0.7725 0.12 0.255 0.24
2 0.06 0.7325 0.12 0.495
1 0.765 0.23 0.16 0.32
0 0.2275 0.91 0.455 0.18
2 0.1475 0.1925 0.285 0.345
2 0.505 0.765 0.23 0.31
2 0.0975 0.0625 0.195 0.125
2 0.8075 0.9375 0.385 0.125
2 0.0325 0.0675 0.065 0.125
2 0.2925 0.2675 0.545 0.385
2 0.235 0.63 0.45 0.65
2 0.2 0.9125 0.4 0.175
2 0.0275 0.8425 0.055 0.315
2 0.065 0.9525 0.13 0.095
2 0.3825 0.09 0.495 0.18
2 0.155 0.3475 0.31 0.555
2 0.0325 0.935 0.065 0.13
2 0.615 0.1175 0.41 0.235
2 0.0625 0.4175 0.125 0.535
2 0.4425 0.2575 0.195 0.275
2 0.415 0.4225 0.23 0.845
2 0.49 0.0325 0.28 0.065
2 0.06 0.875 0.12 0.25
2 0.56 0.0475 0.33 0.095
2 0.09 0.57 0.18 0.86
2 0.1225 0.945 0.245 0.11
2 0.095 0.3 0.19 0.38
2 0.485 0.185 0.24 0.37
2 0.03 0.435 0.06 0.66
2 0.055 0.1575 0.11 0.315
2 0.4575 0.0575 0.325 0.115
2 0.0275 0.2425 0.055 0.335
2 0.515 0.1 0.24 0.2
2 0.455 0.6325 0.3 0.545
