2 0.1125 0.59 0.225 0.82
3 0.545 0.335 0.54 0.67
1 0.7975 0.19 0.275 0.35
4 0.3775 0.77 0.455 0.38
2 0.065 0.9375 0.13 0.125
2 0.735 0.8025 0.36 0.375
2 0.685 0.3025 0.63 0.565
2 0.975 0.1325 0.05 0.265
4 0.295 0.845 0.29 0.29
4 0.0925 0.12 0.185 0.24
2 0.875 0.935 0.25 0.13
0 0.6725 0.955 0.465 0.09
2 0.16 0.12 0.29 0.24
2 0.7575 0.9725 0.385 0.055
2 0.095 0.88 0.19 0.24
4 0.2225 0.7425 0.355 0.495
2 0.815 0.9575 0.22 0.085
2 0.1625 0.03 0.325 0.06
0 0.665 0.905 0.58 0.19
2 0.7375 0.905 0.465 0.19
2 0.15 0.975 0.3 0.05
2 0.8325 0.855 0.285 0.26
2 0.19 0.0575 0.31 0.115
2 0.1625 0.94 0.325 0.12
2 0.2 0.8475 0.28 0.305
2 0.8175 0.9075 0.195 0.175
2 0.82 0.6725 0.36 0.275
2 0.2075 0.49 0.375 0.98
