2 0.735 0.1125 0.46 0.225
1 0.8275 0.68 0.255 0.17
2 0.985 0.105 0.03 0.21
2 0.96 0.955 0.08 0.09
2 0.8125 0.9725 0.365 0.055
2 0.1175 0.03 0.235 0.06
2 0.775 0.91 0.45 0.18
2 0.41 0.9475 0.43 0.105
0 0.735 0.945 0.53 0.11
2 0.5425 0.05 0.395 0.1
2 0.4075 0.9025 0.305 0.195
2 0.175 0.955 0.35 0.09
2 0.945 0.03 0.11 0.06
2 0.97 0.6925 0.06 0.295
2 0.4525 0.025 0.335 0.05
1 0.8875 0.3125 0.145 0.425
2 0.24 0.9775 0.39 0.045
0 0.5625 0.88 0.725 0.24
2 0.0875 0.0675 0.175 0.135
4 0.23 0.1925 0.45 0.385
2 0.7175 0.0225 0.425 0.045
2 0.985 0.3275 0.03 0.365
2 0.8725 0.5975 0.255 0.465
2 0.5075 0.1275 0.435 0.255
2 0.77 0.0575 0.46 0.115
2 0.3825 0.975 0.445 0.05
1 0.835 0.59 0.27 0.41
2 0.205 0.53 0.36 0.39
2 0.8125 0.7725 0.325 0.405
2 0.9375 0.595 0.125 0.43
2 0.97 0.8125 0.06 0.335
2 0.975 0.065 0.05 0.12
2 0.905 0.1875 0.19 0.375
2 0.885 0.8425 0.23 0.315
2 0.585 0.025 0.22 0.05
2 0.4175 0.0475 0.495 0.095
2 0.875 0.3175 0.25 0.635
2 0.9675 0.1025 0.065 0.205
2 0.0575 0.05 0.105 0.1
2 0.985 0.2025 0.03 0.335
2 0.9 0.0325 0.2 0.065
2 0.8425 0.945 0.315 0.11
2 0.4075 0.84 0.215 0.26
2 0.9275 0.97 0.145 0.06
2 0.9475 0.87 0.105 0.25
2 0.95 0.0425 0.08 0.085
2 0.6475 0.04 0.445 0.08
1 0.8325 0.6275 0.165 0.295
2 0.97 0.925 0.06 0.15
2 0.9525 0.9575 0.075 0.085
2 0.8825 0.0875 0.235 0.175
2 0.94 0.305 0.12 0.61
2 0.9725 0.24 0.055 0.41
2 0.885 0.725 0.23 0.25
2 0.955 0.17 0.09 0.34
2 0.94 0.94 0.12 0.12
2 0.94 0.0625 0.12 0.125
2 0.9475 0.7375 0.105 0.225
1 0.825 0.675 0.12 0.14
2 0.5275 0.035 0.265 0.07
2 0.3075 0.5225 0.525 0.555
2 0.8275 0.4925 0.325 0.245
2 0.4025 0.1575 0.235 0.205
