4 0.5625 0.745 0.775 0.41
1 0.9175 0.81 0.155 0.32
2 0.7575 0.8825 0.485 0.235
2 0.3825 0.9575 0.355 0.085
2 0.7275 0.205 0.405 0.39
2 0.8025 0.0625 0.395 0.125
4 0.1975 0.95 0.395 0.1
2 0.22 0.1575 0.44 0.305
2 0.0975 0.88 0.195 0.24
2 0.94 0.195 0.12 0.39
2 0.5225 0.725 0.775 0.45
1 0.035 0.935 0.07 0.13
2 0.295 0.975 0.42 0.05
2 0.84 0.17 0.3 0.33
2 0.03 0.8925 0.06 0.195
2 0.9725 0.1825 0.055 0.365
2 0.7875 0.5975 0.425 0.805
1 0.9425 0.885 0.115 0.22
1 0.0275 0.905 0.055 0.14
2 0.38 0.76 0.38 0.47
2 0.8125 0.2525 0.225 0.235
2 0.3475 0.16 0.235 0.31
