2 0.9625 0.05 0.055 0.09
2 0.84 0.9125 0.32 0.175
2 0.05 0.095 0.09 0.19
2 0.9575 0.835 0.085 0.32
2 0.0225 0.81 0.045 0.26
2 0.9425 0.0425 0.065 0.075
2 0.9225 0.1925 0.155 0.365
2 0.1225 0.085 0.165 0.15
2 0.85 0.1 0.3 0.2
2 0.5975 0.045 0.525 0.09
2 0.9675 0.085 0.065 0.16
2 0.9075 0.065 0.185 0.13
2 0.9775 0.5325 0.045 0.335
2 0.0925 0.26 0.185 0.51
2 0.54 0.8625 0.45 0.255
2 0.9775 0.3925 0.045 0.415
2 0.9425 0.67 0.115 0.61
2 0.9625 0.175 0.075 0.35
2 0.9725 0.67 0.055 0.6
2 0.165 0.7825 0.21 0.225
2 0.0275 0.1675 0.055 0.325
2 0.98 0.45 0.04 0.18
2 0.4325 0.405 0.345 0.52
2 0.9125 0.1175 0.175 0.235
2 0.025 0.5625 0.05 0.765
2 0.4425 0.755 0.595 0.39
2 0.9425 0.0675 0.085 0.115
2 0.0525 0.6575 0.105 0.685
2 0.0875 0.1175 0.175 0.235
2 0.96 0.5075 0.08 0.425
2 0.6375 0.115 0.535 0.23
2 0.05 0.8075 0.09 0.345
2 0.95 0.305 0.1 0.61
2 0.9675 0.46 0.065 0.23
2 0.405 0.5875 0.47 0.765
2 0.9425 0.11 0.115 0.22
