2 0.445 0.0525 0.54 0.105
2 0.0575 0.5175 0.115 0.685
2 0.1225 0.08 0.235 0.16
2 0.1275 0.9425 0.245 0.115
2 0.9775 0.55 0.045 0.73
0 0.38 0.83 0.39 0.33
4 0.49 0.825 0.41 0.32
2 0.095 0.875 0.19 0.25
3 0.8475 0.0925 0.305 0.185
2 0.1925 0.81 0.385 0.37
2 0.025 0.6 0.05 0.71
2 0.1675 0.025 0.325 0.05
2 0.945 0.845 0.11 0.31
0 0.2275 0.7775 0.445 0.395
3 0.6125 0.4425 0.525 0.885
2 0.525 0.975 0.45 0.05
1 0.3725 0.055 0.355 0.11
1 0.435 0.4875 0.21 0.455
2 0.5475 0.3825 0.435 0.765
3 0.9425 0.73 0.115 0.54
1 0.3625 0.0325 0.185 0.065
2 0.23 0.055 0.44 0.11
3 0.8625 0.3625 0.255 0.725
5 0.42 0.97 0.84 0.06
2 0.1025 0.6225 0.205 0.685
2 0.3375 0.1225 0.545 0.245
2 0.515 0.81 0.42 0.33
1 0.415 0.48 0.22 0.88
3 0.3775 0.46 0.755 0.92
2 0.955 0.5275 0.09 0.795
3 0.955 0.51 0.09 0.82
1 0.4125 0.4575 0.445 0.915
3 0.94 0.3075 0.12 0.615
2 0.295 0.3975 0.54 0.795
2 0.1175 0.7575 0.205 0.315
3 0.915 0.505 0.17 0.99
2 0.5325 0.6425 0.465 0.665
2 0.545 0.1675 0.22 0.305
