4 0.1225 0.6925 0.235 0.485
2 0.96 0.88 0.08 0.24
0 0.9075 0.135 0.185 0.27
3 0.845 0.9075 0.31 0.185
4 0.1 0.555 0.2 0.37
4 0.9125 0.4025 0.175 0.655
2 0.025 0.42 0.05 0.43
3 0.8925 0.585 0.215 0.83
4 0.45 0.7975 0.67 0.405
3 0.765 0.8325 0.47 0.335
3 0.9675 0.8125 0.065 0.375
2 0.94 0.3275 0.12 0.545
4 0.055 0.445 0.11 0.32
3 0.94 0.735 0.12 0.53
4 0.06 0.1575 0.12 0.285
2 0.1225 0.945 0.245 0.11
4 0.8325 0.0975 0.335 0.195
2 0.705 0.545 0.59 0.64
2 0.9725 0.37 0.055 0.43
2 0.5625 0.085 0.485 0.17
3 0.6975 0.7075 0.445 0.585
3 0.8975 0.9425 0.205 0.115
2 0.2225 0.265 0.425 0.53
2 0.635 0.03 0.3 0.06
4 0.85 0.295 0.27 0.56
4 0.9525 0.2925 0.095 0.565
3 0.9425 0.8725 0.115 0.255
4 0.9075 0.195 0.185 0.38
4 0.77 0.1875 0.44 0.375
2 0.69 0.115 0.36 0.23
2 0.12 0.165 0.23 0.32
3 0.9 0.8325 0.2 0.335
2 0.67 0.075 0.24 0.15
2 0.7475 0.3475 0.475 0.485
2 0.2975 0.4075 0.465 0.565
2 0.6225 0.7975 0.255 0.315
