2 0.0575 0.15 0.115 0.3
2 0.7425 0.44 0.325 0.48
2 0.51 0.1975 0.2 0.295
2 0.97 0.1325 0.06 0.265
2 0.27 0.7975 0.26 0.335
2 0.9375 0.8775 0.125 0.245
2 0.7925 0.8075 0.415 0.385
1 0.5025 0.2075 0.245 0.325
2 0.7225 0.045 0.445 0.09
2 0.0825 0.5825 0.165 0.625
2 0.7925 0.13 0.415 0.26
2 0.5475 0.2225 0.445 0.335
2 0.21 0.915 0.42 0.17
2 0.88 0.67 0.24 0.66
2 0.755 0.9725 0.37 0.055
2 0.8775 0.9 0.245 0.2
2 0.88 0.085 0.24 0.17
2 0.9425 0.3375 0.115 0.525
2 0.41 0.095 0.28 0.18
0 0.795 0.1875 0.41 0.345
1 0.4875 0.225 0.135 0.24
2 0.9625 0.0575 0.065 0.105
2 0.9425 0.1525 0.115 0.305
2 0.7375 0.2225 0.205 0.345
2 0.16 0.665 0.32 0.45
2 0.1225 0.1125 0.245 0.225
2 0.0275 0.74 0.055 0.51
2 0.06 0.7325 0.12 0.535
2 0.33 0.9475 0.34 0.105
2 0.7375 0.945 0.425 0.11
2 0.2675 0.21 0.535 0.33
2 0.9725 0.6525 0.055 0.565
2 0.0275 0.5625 0.055 0.425
2 0.295 0.9725 0.31 0.055
2 0.915 0.8025 0.17 0.395
2 0.9375 0.065 0.125 0.13
2 0.2825 0.38 0.265 0.15
2 0.77 0.8725 0.3 0.245
2 0.9425 0.635 0.115 0.65
2 0.9575 0.7775 0.085 0.395
2 0.7575 0.6325 0.465 0.665
2 0.2525 0.1 0.465 0.2
2 0.2725 0.7275 0.195 0.205
2 0.6675 0.155 0.315 0.31
