4 0.525 0.7725 0.81 0.455
2 0.7 0.7675 0.42 0.465
2 0.735 0.945 0.41 0.11
2 0.8075 0.9075 0.345 0.185
1 0.9775 0.22 0.045 0.36
2 0.06 0.2 0.12 0.38
2 0.8425 0.055 0.315 0.11
2 0.8 0.41 0.31 0.73
2 0.3125 0.025 0.545 0.05
2 0.0225 0.7675 0.045 0.465
2 0.24 0.9575 0.36 0.085
0 0.4025 0.0575 0.755 0.115
2 0.875 0.945 0.24 0.11
2 0.9425 0.845 0.115 0.31
2 0.3075 0.9775 0.455 0.045
2 0.845 0.975 0.29 0.05
2 0.7975 0.1925 0.275 0.345
2 0.3675 0.0575 0.735 0.115
2 0.975 0.31 0.05 0.62
2 0.7925 0.33 0.235 0.37
2 0.83 0.0225 0.31 0.045
2 0.155 0.2 0.31 0.38
2 0.135 0.9475 0.27 0.105
2 0.735 0.56 0.49 0.88
2 0.1675 0.975 0.325 0.05
2 0.78 0.26 0.2 0.2
2 0.195 0.2975 0.21 0.225
2 0.28 0.7775 0.24 0.385
