2 0.1775 0.03 0.355 0.06
2 0.0225 0.1 0.045 0.2
2 0.055 0.05 0.11 0.1
2 0.485 0.68 0.45 0.64
2 0.0325 0.9225 0.065 0.155
2 0.19 0.0825 0.35 0.165
0 0.8725 0.06 0.255 0.12
0 0.1775 0.9675 0.355 0.065
2 0.045 0.14 0.09 0.28
0 0.9525 0.2575 0.085 0.465
2 0.6525 0.5775 0.315 0.285
2 0.9225 0.865 0.155 0.27
0 0.8125 0.095 0.375 0.19
2 0.0925 0.12 0.185 0.24
0 0.0625 0.9 0.125 0.2
2 0.8125 0.945 0.365 0.11
2 0.055 0.885 0.11 0.23
2 0.125 0.9125 0.25 0.175
2 0.0325 0.065 0.065 0.12
2 0.84 0.8775 0.32 0.245
2 0.0625 0.0775 0.125 0.155
0 0.13 0.9375 0.26 0.125
2 0.08 0.0325 0.16 0.065
2 0.115 0.055 0.23 0.11
0 0.9225 0.1125 0.155 0.225
2 0.0475 0.0425 0.085 0.085
2 0.565 0.5075 0.41 0.325
