2 0.985 0.085 0.03 0.17
2 0.96 0.0375 0.08 0.075
2 0.985 0.525 0.03 0.37
2 0.0325 0.09 0.065 0.18
2 0.025 0.33 0.05 0.37
2 0.0475 0.58 0.095 0.72
2 0.8425 0.06 0.315 0.12
2 0.905 0.0425 0.19 0.085
2 0.015 0.8 0.03 0.32
2 0.0925 0.94 0.185 0.12
2 0.025 0.69 0.05 0.56
2 0.9225 0.12 0.155 0.24
2 0.975 0.5825 0.05 0.375
2 0.04 0.9175 0.08 0.165
2 0.0225 0.925 0.045 0.13
2 0.985 0.3275 0.03 0.425
2 0.1525 0.9075 0.305 0.185
2 0.525 0.045 0.31 0.09
2 0.94 0.74 0.12 0.5
2 0.96 0.455 0.08 0.7
2 0.0475 0.805 0.095 0.39
2 0.9725 0.74 0.055 0.49
2 0.95 0.2325 0.1 0.465
2 0.9725 0.1375 0.055 0.275
2 0.9675 0.055 0.065 0.11
2 0.94 0.065 0.12 0.13
2 0.975 0.2925 0.05 0.535
2 0.0275 0.845 0.055 0.31
2 0.12 0.1 0.24 0.2
2 0.51 0.7125 0.33 0.405
2 0.13 0.265 0.26 0.52
2 0.4875 0.23 0.395 0.45
