2 0.8075 0.09 0.355 0.18
2 0.435 0.975 0.45 0.05
2 0.1875 0.81 0.305 0.38
0 0.0875 0.2325 0.175 0.455
1 0.045 0.4175 0.09 0.455
2 0.9075 0.1525 0.185 0.305
0 0.0475 0.0675 0.085 0.135
2 0.2225 0.5825 0.445 0.565
2 0.8675 0.35 0.245 0.7
1 0.23 0.85 0.26 0.3
1 0.0275 0.3975 0.055 0.275
2 0.0975 0.845 0.195 0.3
2 0.1525 0.3825 0.305 0.605
2 0.2725 0.97 0.225 0.06
1 0.6925 0.8825 0.125 0.225
1 0.26 0.12 0.16 0.24
2 0.4725 0.9075 0.555 0.185
2 0.17 0.9675 0.32 0.065
2 0.055 0.305 0.11 0.37
1 0.0575 0.38 0.115 0.22
2 0.1025 0.9425 0.205 0.115
2 0.8725 0.945 0.255 0.11
2 0.8775 0.8425 0.235 0.295
2 0.345 0.955 0.37 0.09
0 0.1225 0.095 0.245 0.19
2 0.8325 0.9775 0.305 0.045
2 0.2975 0.9125 0.345 0.175
2 0.1675 0.91 0.325 0.18
0 0.0575 0.125 0.115 0.25
1 0.04 0.37 0.08 0.15
2 0.2275 0.945 0.255 0.11
2 0.1375 0.585 0.275 0.45
2 0.87 0.5825 0.23 0.535
