2 0.8675 0.4125 0.265 0.825
2 0.385 0.3825 0.37 0.535
2 0.97 0.44 0.06 0.71
2 0.2475 0.7725 0.495 0.405
2 0.9825 0.64 0.035 0.28
2 0.9675 0.56 0.065 0.39
2 0.15 0.15 0.28 0.3
2 0.6225 0.91 0.445 0.18
2 0.1575 0.7025 0.285 0.435
2 0.9425 0.7525 0.115 0.495
2 0.205 0.9675 0.41 0.065
2 0.1975 0.055 0.395 0.11
2 0.1825 0.86 0.365 0.21
2 0.92 0.4225 0.16 0.665
2 0.4375 0.9825 0.375 0.035
2 0.5075 0.47 0.745 0.44
2 0.1825 0.5325 0.295 0.345
2 0.09 0.9325 0.18 0.135
2 0.15 0.0275 0.29 0.055
2 0.9825 0.5475 0.035 0.245
2 0.365 0.97 0.42 0.06
2 0.9425 0.58 0.115 0.4
2 0.2925 0.895 0.585 0.21
2 0.54 0.9375 0.31 0.125
2 0.31 0.9525 0.62 0.095
2 0.5225 0.9725 0.295 0.055
2 0.97 0.595 0.06 0.3
2 0.43 0.4275 0.23 0.355
2 0.155 0.915 0.31 0.17
2 0.665 0.3925 0.56 0.705
2 0.1925 0.33 0.385 0.64
2 0.11 0.7625 0.22 0.225
2 0.7875 0.8775 0.275 0.225
