2 0.48 0.3425 0.45 0.635
2 0.5075 0.975 0.555 0.05
2 0.155 0.9375 0.29 0.125
2 0.48 0.0825 0.56 0.165
0 0.365 0.045 0.61 0.09
2 0.2275 0.645 0.415 0.71
2 0.765 0.8475 0.39 0.305
2 0.825 0.9725 0.35 0.055
2 0.555 0.1675 0.56 0.335
2 0.275 0.975 0.52 0.05
2 0.235 0.0875 0.44 0.175
0 0.28 0.08 0.56 0.16
1 0.2075 0.4575 0.365 0.915
2 0.6925 0.37 0.445 0.64
2 0.835 0.9025 0.33 0.195
2 0.3 0.9025 0.51 0.195
2 0.6175 0.96 0.465 0.08
2 0.1375 0.975 0.275 0.05
2 0.7625 0.945 0.405 0.11
2 0.2925 0.4925 0.335 0.635
2 0.6975 0.905 0.335 0.19
2 0.7025 0.975 0.355 0.05
2 0.63 0.63 0.42 0.5
2 0.1475 0.88 0.195 0.23
2 0.735 0.185 0.25 0.29
