2 0.71 0.0275 0.45 0.055
4 0.8425 0.8775 0.285 0.245
2 0.5825 0.045 0.695 0.09
2 0.705 0.35 0.42 0.44
2 0.8425 0.9575 0.315 0.085
2 0.1625 0.0775 0.275 0.155
4 0.6875 0.885 0.345 0.23
2 0.725 0.1575 0.54 0.255
2 0.445 0.08 0.73 0.16
2 0.7675 0.9075 0.435 0.185
2 0.265 0.05 0.42 0.1
2 0.615 0.975 0.47 0.05
2 0.705 0.9475 0.41 0.105
2 0.205 0.03 0.29 0.06
2 0.755 0.97 0.34 0.06
2 0.295 0.66 0.37 0.68
2 0.2275 0.37 0.305 0.72
2 0.7375 0.0975 0.405 0.195
2 0.7 0.5775 0.44 0.805
2 0.3225 0.84 0.385 0.32
