0 0.2625 0.775 0.495 0.43
0 0.2425 0.97 0.485 0.06
2 0.025 0.4725 0.05 0.795
4 0.16 0.8075 0.32 0.365
2 0.09 0.7675 0.18 0.445
0 0.56 0.955 0.54 0.09
2 0.49 0.97 0.45 0.06
2 0.0625 0.875 0.125 0.24
0 0.17 0.9425 0.34 0.115
0 0.095 0.8775 0.19 0.245
3 0.17 0.34 0.33 0.68
2 0.3775 0.7925 0.295 0.375
2 0.33 0.9725 0.43 0.055
2 0.225 0.3375 0.43 0.675
2 0.405 0.9575 0.22 0.085
0 0.2425 0.91 0.475 0.18
2 0.4775 0.9325 0.405 0.135
2 0.3975 0.84 0.265 0.19
2 0.2975 0.9075 0.505 0.185
2 0.405 0.91 0.2 0.18
2 0.4125 0.675 0.345 0.27
