0 0.045 0.1525 0.09 0.275
2 0.5925 0.0625 0.375 0.125
0 0.2575 0.0275 0.515 0.055
2 0.905 0.8725 0.19 0.255
4 0.8775 0.6675 0.245 0.625
2 0.8825 0.945 0.225 0.11
2 0.9375 0.6975 0.125 0.585
2 0.5075 0.975 0.335 0.05
0 0.3 0.38 0.6 0.44
2 0.9725 0.4525 0.055 0.585
0 0.12 0.095 0.24 0.19
2 0.5825 0.935 0.235 0.13
4 0.3725 0.26 0.685 0.45
2 0.805 0.1975 0.29 0.385
2 0.945 0.4075 0.11 0.595
2 0.985 0.2375 0.03 0.275
2 0.94 0.5575 0.11 0.185
2 0.95 0.205 0.1 0.38
2 0.52 0.9075 0.3 0.185
0 0.235 0.45 0.47 0.26
2 0.9725 0.2575 0.055 0.345
2 0.805 0.27 0.18 0.27
2 0.48 0.7125 0.32 0.535
2 0.5525 0.2225 0.285 0.435
