2 0.055 0.45 0.11 0.62
4 0.845 0.66 0.31 0.42
2 0.2175 0.0425 0.435 0.085
2 0.6575 0.35 0.135 0.27
2 0.95 0.1 0.1 0.2
2 0.31 0.975 0.46 0.05
2 0.2625 0.91 0.465 0.18
2 0.6875 0.955 0.475 0.09
2 0.2575 0.955 0.295 0.09
2 0.165 0.0275 0.32 0.055
2 0.4925 0.5825 0.915 0.835
3 0.4575 0.5925 0.905 0.815
2 0.7925 0.9775 0.335 0.045
2 0.6375 0.8475 0.575 0.305
2 0.15 0.9725 0.3 0.055
0 0.9375 0.0675 0.125 0.135
2 0.9425 0.8725 0.115 0.235
2 0.1625 0.9375 0.325 0.125
2 0.1175 0.405 0.225 0.67
2 0.1475 0.6225 0.295 0.735
2 0.7925 0.865 0.305 0.27
2 0.1225 0.1375 0.245 0.275
