2 0.35 0.98 0.36 0.04
2 0.4225 0.04 0.255 0.07
2 0.8425 0.6325 0.285 0.515
2 0.1975 0.3375 0.285 0.365
0 0.1 0.0575 0.2 0.115
2 0.5975 0.97 0.655 0.06
0 0.6575 0.7325 0.685 0.515
4 0.245 0.595 0.49 0.44
2 0.33 0.96 0.43 0.08
2 0.625 0.7275 0.72 0.505
0 0.12 0.17 0.24 0.34
2 0.48 0.92 0.51 0.16
2 0.225 0.2325 0.25 0.285
2 0.2325 0.655 0.435 0.49
2 0.985 0.2725 0.03 0.365
2 0.1725 0.28 0.115 0.2
2 0.4475 0.7575 0.175 0.345
2 0.695 0.9425 0.58 0.115
2 0.2375 0.0775 0.475 0.155
2 0.81 0.0575 0.38 0.115
0 0.805 0.9425 0.38 0.115
1 0.9825 0.1825 0.035 0.295
1 0.1575 0.2275 0.155 0.255
2 0.3025 0.235 0.405 0.39
2 0.1175 0.1975 0.225 0.305
2 0.9825 0.175 0.035 0.3
2 0.78 0.12 0.41 0.24
2 0.915 0.2575 0.17 0.515
2 0.45 0.0275 0.49 0.055
2 0.405 0.075 0.35 0.15
2 0.96 0.095 0.08 0.19
2 0.21 0.025 0.37 0.05
2 0.18 0.205 0.13 0.26
2 0.5075 0.955 0.385 0.09
2 0.94 0.0425 0.1 0.075
2 0.9075 0.0325 0.185 0.065
2 0.9725 0.235 0.055 0.45
2 0.3625 0.0225 0.245 0.045
1 0.965 0.1825 0.07 0.355
2 0.4525 0.975 0.315 0.05
2 0.8875 0.135 0.225 0.27
2 0.92 0.06 0.16 0.12
1 0.175 0.265 0.1 0.15
2 0.9425 0.155 0.115 0.31
2 0.3425 0.045 0.295 0.09
2 0.8575 0.735 0.235 0.24
2 0.3975 0.64 0.235 0.31
2 0.3625 0.345 0.305 0.26
