1 0.945 0.4475 0.11 0.765
2 0.9775 0.6325 0.045 0.505
4 0.0575 0.8525 0.115 0.275
2 0.805 0.3725 0.39 0.685
1 0.9625 0.4925 0.075 0.425
0 0.74 0.225 0.52 0.4
3 0.735 0.485 0.36 0.73
0 0.805 0.885 0.39 0.23
2 0.58 0.97 0.48 0.06
2 0.9425 0.39 0.115 0.78
2 0.1275 0.1975 0.245 0.385
1 0.8675 0.9375 0.195 0.125
2 0.96 0.8525 0.08 0.225
0 0.835 0.375 0.33 0.67
2 0.9175 0.9525 0.155 0.095
2 0.225 0.5125 0.36 0.765
0 0.7675 0.06 0.455 0.12
2 0.6575 0.945 0.625 0.11
2 0.845 0.0675 0.31 0.135
2 0.8775 0.725 0.245 0.44
2 0.8725 0.2275 0.255 0.445
2 0.97 0.165 0.06 0.32
2 0.16 0.6675 0.28 0.415
2 0.1675 0.945 0.335 0.11
0 0.095 0.1925 0.19 0.385
4 0.16 0.67 0.25 0.37
2 0.7425 0.6675 0.515 0.635
0 0.8125 0.1275 0.375 0.255
2 0.41 0.915 0.49 0.17
2 0.6725 0.1875 0.575 0.375
0 0.165 0.265 0.32 0.42
2 0.9625 0.9175 0.075 0.165
2 0.8475 0.905 0.305 0.19
2 0.9175 0.815 0.165 0.36
2 0.2275 0.3 0.275 0.48
4 0.85 0.16 0.3 0.31
2 0.4725 0.9525 0.455 0.095
2 0.2925 0.97 0.325 0.06
1 0.895 0.9575 0.13 0.085
2 0.3 0.94 0.36 0.12
2 0.9075 0.1225 0.185 0.245
2 0.935 0.9 0.13 0.2
2 0.265 0.745 0.45 0.51
2 0.8325 0.6025 0.325 0.445
2 0.2325 0.175 0.215 0.29
