1 0.2675 0.6 0.145 0.27
2 0.395 0.2 0.37 0.32
2 0.98 0.4225 0.04 0.515
2 0.2925 0.8875 0.585 0.225
2 0.375 0.3 0.56 0.59
2 0.835 0.0375 0.25 0.075
2 0.3675 0.0275 0.515 0.055
2 0.9725 0.2675 0.055 0.535
2 0.3025 0.6975 0.215 0.375
4 0.695 0.77 0.6 0.44
2 0.68 0.2575 0.61 0.485
2 0.0225 0.68 0.045 0.64
2 0.96 0.0425 0.06 0.085
2 0.95 0.92 0.09 0.16
2 0.915 0.39 0.17 0.78
2 0.9775 0.07 0.045 0.14
2 0.45 0.955 0.32 0.09
2 0.165 0.94 0.33 0.12
2 0.2925 0.6475 0.105 0.195
2 0.955 0.1675 0.09 0.335
0 0.2975 0.92 0.565 0.14
2 0.9125 0.9675 0.175 0.065
5 0.0775 0.5275 0.135 0.645
2 0.815 0.0925 0.29 0.185
2 0.23 0.23 0.3 0.39
2 0.985 0.5775 0.03 0.345
2 0.72 0.0275 0.47 0.055
2 0.05 0.7375 0.1 0.525
2 0.8475 0.9725 0.265 0.055
2 0.9725 0.86 0.055 0.28
2 0.4025 0.97 0.535 0.06
2 0.665 0.9675 0.61 0.065
2 0.02 0.9325 0.04 0.125
2 0.8475 0.9125 0.305 0.175
2 0.9575 0.4025 0.085 0.705
2 0.93 0.0325 0.14 0.065
2 0.03 0.9475 0.04 0.105
2 0.02 0.835 0.04 0.33
2 0.9575 0.6675 0.085 0.655
2 0.9625 0.09 0.065 0.18
2 0.9125 0.12 0.175 0.24
2 0.655 0.9175 0.59 0.165
2 0.9 0.94 0.2 0.12
2 0.085 0.9 0.17 0.2
2 0.9725 0.58 0.055 0.48
2 0.06 0.9375 0.12 0.125
2 0.9125 0.8775 0.175 0.245
2 0.8775 0.0525 0.245 0.105
2 0.94 0.065 0.12 0.13
2 0.865 0.025 0.25 0.05
2 0.3525 0.9425 0.515 0.115
1 0.29 0.63 0.1 0.17
2 0.0425 0.87 0.085 0.26
2 0.03 0.92 0.06 0.16
2 0.5125 0.9325 0.305 0.135
2 0.5175 0.215 0.415 0.42
2 0.48 0.7175 0.31 0.255
