2 0.4375 0.0275 0.345 0.055
2 0.2275 0.94 0.435 0.12
2 0.555 0.9475 0.52 0.105
2 0.545 0.815 0.26 0.32
0 0.3375 0.3725 0.665 0.655
0 0.9375 0.49 0.125 0.4
2 0.945 0.065 0.11 0.13
0 0.19 0.9125 0.37 0.175
2 0.12 0.875 0.24 0.25
2 0.9725 0.17 0.055 0.34
2 0.87 0.03 0.26 0.06
2 0.3725 0.0625 0.575 0.125
2 0.34 0.3425 0.63 0.645
3 0.375 0.4825 0.53 0.665
0 0.785 0.9525 0.43 0.095
2 0.2475 0.0275 0.495 0.055
4 0.3 0.445 0.59 0.82
3 0.13 0.38 0.26 0.57
2 0.1125 0.1075 0.225 0.215
3 0.235 0.7375 0.41 0.505
0 0.335 0.945 0.63 0.11
2 0.7625 0.21 0.125 0.12
2 0.975 0.0675 0.05 0.115
0 0.8625 0.8325 0.265 0.305
0 0.34 0.8775 0.64 0.245
2 0.3325 0.865 0.585 0.27
2 0.4875 0.875 0.285 0.22
3 0.045 0.5275 0.09 0.815
2 0.1675 0.4 0.315 0.73
2 0.2175 0.74 0.385 0.52
2 0.905 0.0525 0.19 0.105
2 0.48 0.0675 0.22 0.135
2 0.955 0.1175 0.09 0.235
2 0.155 0.04 0.25 0.08
0 0.725 0.84 0.55 0.32
2 0.0775 0.0425 0.125 0.075
2 0.19 0.07 0.38 0.14
3 0.1825 0.5125 0.345 0.935
2 0.96 0.05 0.08 0.1
2 0.085 0.06 0.17 0.12
2 0.4775 0.3975 0.285 0.425
