2 0.795 0.575 0.39 0.54
2 0.845 0.0575 0.31 0.115
2 0.5125 0.03 0.265 0.05
2 0.0225 0.42 0.045 0.71
2 0.51 0.8625 0.61 0.275
0 0.0975 0.1225 0.195 0.245
2 0.52 0.2275 0.49 0.425
2 0.975 0.5775 0.05 0.505
0 0.7925 0.85 0.415 0.3
0 0.5775 0.935 0.515 0.13
2 0.49 0.9725 0.53 0.055
4 0.15 0.1275 0.29 0.255
2 0.845 0.1575 0.31 0.315
2 0.9375 0.4775 0.125 0.595
0 0.52 0.265 0.46 0.45
3 0.7775 0.3075 0.395 0.565
2 0.985 0.2125 0.03 0.375
2 0.5075 0.04 0.415 0.08
2 0.9225 0.96 0.125 0.08
4 0.245 0.8475 0.49 0.305
2 0.81 0.955 0.36 0.09
2 0.37 0.055 0.38 0.11
2 0.295 0.9525 0.45 0.095
2 0.5125 0.925 0.475 0.14
0 0.8 0.94 0.4 0.12
2 0.915 0.8075 0.17 0.375
2 0.9725 0.8625 0.055 0.275
2 0.8675 0.445 0.265 0.57
0 0.6 0.9025 0.8 0.195
2 0.8375 0.9075 0.325 0.185
2 0.9725 0.3075 0.055 0.585
2 0.2475 0.905 0.495 0.19
2 0.3475 0.8275 0.325 0.345
2 0.9 0.935 0.2 0.13
0 0.775 0.5075 0.44 0.525
2 0.9825 0.12 0.035 0.2
2 0.3675 0.6525 0.305 0.575
2 0.915 0.2975 0.17 0.595
2 0.9375 0.885 0.125 0.23
2 0.9375 0.1525 0.125 0.295
2 0.9725 0.15 0.055 0.28
2 0.3675 0.4575 0.425 0.915
2 0.3775 0.725 0.275 0.25
2 0.4075 0.895 0.345 0.21
2 0.77 0.405 0.41 0.39
2 0.37 0.2 0.37 0.39
