2 0.2125 0.9575 0.425 0.085
2 0.45 0.525 0.16 0.18
0 0.6525 0.9725 0.495 0.055
0 0.6875 0.9375 0.485 0.125
2 0.05 0.905 0.09 0.19
2 0.0425 0.0575 0.085 0.115
5 0.5825 0.6375 0.135 0.575
2 0.1025 0.085 0.185 0.12
2 0.0625 0.115 0.125 0.23
2 0.185 0.9025 0.37 0.195
2 0.0875 0.7375 0.175 0.505
2 0.13 0.0325 0.24 0.065
2 0.0625 0.0325 0.125 0.065
2 0.185 0.055 0.36 0.11
5 0.585 0.735 0.1 0.34
2 0.085 0.05 0.17 0.1
2 0.085 0.8875 0.17 0.225
2 0.11 0.5275 0.22 0.945
2 0.8075 0.2225 0.265 0.345
2 0.8775 0.6 0.245 0.26
