2 0.1925 0.9075 0.385 0.185
2 0.6925 0.055 0.475 0.11
2 0.8375 0.1575 0.325 0.305
2 0.44 0.5025 0.33 0.975
2 0.95 0.1275 0.1 0.255
2 0.9575 0.3275 0.085 0.655
2 0.5825 0.975 0.595 0.05
2 0.1225 0.945 0.245 0.11
2 0.0275 0.845 0.055 0.31
2 0.3 0.05 0.21 0.1
2 0.2625 0.315 0.335 0.63
2 0.6625 0.1225 0.495 0.245
2 0.9825 0.1675 0.035 0.265
2 0.365 0.975 0.39 0.05
2 0.855 0.95 0.29 0.1
2 0.6375 0.95 0.615 0.1
2 0.975 0.2275 0.05 0.455
2 0.09 0.88 0.18 0.24
2 0.7175 0.975 0.275 0.05
2 0.7575 0.9575 0.275 0.085
2 0.705 0.51 0.58 0.69
2 0.2675 0.5225 0.415 0.955
