2 0.8125 0.57 0.365 0.86
2 0.5775 0.9725 0.305 0.055
2 0.94 0.295 0.12 0.45
2 0.435 0.025 0.29 0.05
2 0.6325 0.955 0.415 0.09
0 0.66 0.165 0.66 0.33
2 0.9775 0.345 0.045 0.23
2 0.955 0.5425 0.09 0.715
2 0.455 0.975 0.32 0.05
2 0.985 0.8575 0.03 0.285
2 0.9075 0.845 0.185 0.31
0 0.27 0.48 0.54 0.41
2 0.9725 0.2975 0.055 0.415
2 0.48 0.94 0.36 0.12
2 0.9325 0.9575 0.125 0.085
2 0.0275 0.6375 0.055 0.595
2 0.96 0.9325 0.08 0.135
2 0.04 0.795 0.08 0.37
2 0.905 0.9375 0.19 0.125
2 0.965 0.905 0.07 0.19
2 0.8425 0.9125 0.315 0.175
2 0.955 0.3475 0.09 0.265
2 0.945 0.7725 0.11 0.455
2 0.435 0.405 0.23 0.67
2 0.9375 0.9 0.125 0.2
2 0.0225 0.7225 0.045 0.265
2 0.9825 0.925 0.035 0.15
2 0.9725 0.8825 0.055 0.235
2 0.4425 0.625 0.305 0.74
2 0.415 0.135 0.3 0.27
