0 0.0975 0.8775 0.195 0.245
2 0.775 0.9675 0.45 0.065
2 0.91 0.9575 0.18 0.085
0 0.735 0.9675 0.53 0.065
0 0.7925 0.52 0.415 0.43
2 0.4175 0.915 0.835 0.17
4 0.0575 0.5575 0.115 0.445
2 0.0275 0.7575 0.055 0.445
2 0.0575 0.695 0.115 0.53
0 0.6975 0.6275 0.575 0.445
0 0.525 0.9675 0.64 0.065
2 0.63 0.485 0.26 0.34
2 0.9375 0.92 0.125 0.16
0 0.725 0.1375 0.55 0.275
2 0.91 0.875 0.18 0.25
0 0.77 0.9125 0.46 0.175
0 0.665 0.8675 0.67 0.265
0 0.1575 0.94 0.315 0.12
2 0.13 0.9425 0.26 0.115
2 0.835 0.94 0.33 0.12
0 0.0575 0.6225 0.115 0.455
2 0.9575 0.865 0.085 0.27
0 0.625 0.945 0.75 0.11
2 0.97 0.935 0.06 0.13
0 0.3075 0.3725 0.615 0.365
2 0.5875 0.355 0.305 0.53
