2 0.0225 0.42 0.045 0.83
2 0.905 0.1225 0.19 0.245
5 0.5475 0.755 0.775 0.27
1 0.2825 0.435 0.235 0.18
2 0.335 0.97 0.62 0.06
0 0.615 0.9575 0.67 0.085
0 0.8425 0.1 0.315 0.2
0 0.6425 0.375 0.715 0.38
3 0.37 0.9675 0.7 0.065
2 0.43 0.65 0.62 0.35
1 0.28 0.4275 0.33 0.775
3 0.1175 0.0925 0.225 0.185
2 0.4025 0.1175 0.575 0.235
2 0.3075 0.35 0.225 0.56
3 0.1975 0.15 0.395 0.3
1 0.5775 0.05 0.125 0.08
2 0.94 0.235 0.12 0.47
3 0.4 0.88 0.8 0.24
0 0.8325 0.22 0.335 0.43
2 0.3025 0.4325 0.375 0.745
2 0.565 0.74 0.62 0.22
2 0.2225 0.98 0.385 0.04
1 0.2975 0.13 0.235 0.26
2 0.845 0.1875 0.31 0.375
3 0.0975 0.19 0.195 0.38
1 0.495 0.12 0.22 0.24
1 0.2875 0.3875 0.205 0.385
3 0.455 0.94 0.74 0.12
2 0.3825 0.67 0.765 0.66
3 0.405 0.705 0.79 0.55
2 0.4925 0.6375 0.325 0.285
