3 0.4525 0.7675 0.795 0.465
0 0.7175 0.4075 0.565 0.395
2 0.84 0.555 0.32 0.48
1 0.85 0.0725 0.15 0.145
2 0.8075 0.2475 0.325 0.495
3 0.6825 0.87 0.635 0.25
2 0.245 0.9675 0.32 0.065
2 0.7025 0.3475 0.585 0.585
2 0.72 0.9675 0.56 0.065
1 0.8775 0.7625 0.235 0.325
3 0.8325 0.9125 0.335 0.175
2 0.51 0.97 0.47 0.06
5 0.8475 0.765 0.285 0.3
2 0.59 0.465 0.33 0.75
2 0.795 0.78 0.41 0.25
2 0.9575 0.725 0.085 0.36
1 0.9475 0.76 0.105 0.31
2 0.945 0.1225 0.11 0.245
3 0.6975 0.7325 0.595 0.515
2 0.6275 0.6525 0.745 0.545
3 0.765 0.9675 0.47 0.065
3 0.53 0.9525 0.45 0.095
2 0.1575 0.9375 0.305 0.125
1 0.7825 0.15 0.215 0.3
2 0.165 0.765 0.2 0.3
1 0.58 0.16 0.16 0.29
3 0.56 0.9125 0.58 0.175
2 0.9675 0.6475 0.065 0.235
2 0.2575 0.9475 0.455 0.105
2 0.175 0.9725 0.19 0.055
1 0.5775 0.3625 0.195 0.465
3 0.7 0.9425 0.6 0.115
2 0.1625 0.295 0.215 0.33
2 0.1575 0.37 0.235 0.73
2 0.165 0.955 0.24 0.09
2 0.1725 0.6275 0.225 0.485
2 0.795 0.6725 0.33 0.295
