0 0.17 0.0275 0.34 0.055
2 0.195 0.945 0.39 0.11
2 0.9625 0.67 0.065 0.66
2 0.14 0.9675 0.28 0.065
2 0.8275 0.955 0.295 0.09
2 0.64 0.9575 0.4 0.085
2 0.9525 0.19 0.085 0.38
2 0.0575 0.9575 0.085 0.085
0 0.345 0.2 0.69 0.31
0 0.1925 0.955 0.385 0.09
2 0.0275 0.8675 0.055 0.265
2 0.0925 0.8825 0.185 0.235
0 0.1625 0.0575 0.325 0.115
2 0.9725 0.7775 0.055 0.395
2 0.985 0.31 0.03 0.48
0 0.3325 0.085 0.665 0.17
2 0.7975 0.8925 0.385 0.215
2 0.9575 0.4575 0.085 0.915
3 0.95 0.49 0.1 0.98
0 0.2975 0.04 0.595 0.08
2 0.7225 0.97 0.335 0.06
2 0.9725 0.255 0.055 0.41
2 0.0825 0.9425 0.165 0.115
2 0.7325 0.935 0.375 0.13
2 0.6925 0.4925 0.375 0.985
2 0.215 0.5825 0.29 0.195
