3 0.2975 0.15 0.205 0.3
1 0.585 0.97 0.15 0.06
1 0.135 0.9425 0.18 0.115
1 0.8025 0.1275 0.255 0.255
1 0.5475 0.885 0.165 0.23
3 0.025 0.47 0.05 0.94
1 0.415 0.5 0.71 1
3 0.0925 0.6375 0.185 0.725
3 0.155 0.74 0.29 0.52
3 0.775 0.3975 0.43 0.795
1 0.095 0.805 0.19 0.36
3 0.215 0.2725 0.37 0.545
5 0.2725 0.03 0.155 0.06
3 0.62 0.0825 0.76 0.165
3 0.505 0.6925 0.74 0.575
5 0.31 0.0475 0.18 0.095
5 0.0275 0.525 0.055 0.94
3 0.11 0.2425 0.22 0.485
3 0.73 0.17 0.54 0.34
1 0.17 0.1375 0.18 0.275
3 0.0575 0.49 0.115 0.98
3 0.26 0.4925 0.34 0.985
1 0.1275 0.66 0.255 0.67
1 0.3475 0.5075 0.275 0.905
1 0.5625 0.9475 0.155 0.105
3 0.67 0.5575 0.65 0.885
3 0.6275 0.27 0.725 0.53
3 0.135 0.49 0.27 0.98
