0 0.68 0.955 0.64 0.09
0 0.635 0.8675 0.73 0.265
1 0.115 0.9225 0.17 0.155
3 0.05 0.4875 0.1 0.975
4 0.9375 0.845 0.125 0.3
3 0.9375 0.295 0.125 0.41
2 0.97 0.095 0.06 0.17
3 0.3325 0.3375 0.605 0.605
0 0.82 0.8775 0.33 0.245
2 0.9375 0.065 0.125 0.13
1 0.11 0.9575 0.13 0.085
1 0.0925 0.8425 0.165 0.305
3 0.0975 0.1875 0.195 0.365
3 0.92 0.3675 0.16 0.735
3 0.58 0.72 0.84 0.54
0 0.845 0.9375 0.31 0.125
3 0.4525 0.0975 0.665 0.195
3 0.9525 0.5575 0.095 0.885
3 0.7225 0.5775 0.525 0.845
4 0.875 0.88 0.25 0.24
3 0.125 0.515 0.25 0.96
3 0.635 0.35 0.73 0.64
3 0.4325 0.1875 0.865 0.375
3 0.6375 0.1325 0.665 0.265
3 0.2975 0.58 0.505 0.84
3 0.8775 0.5425 0.245 0.915
3 0.4775 0.4825 0.935 0.955
