2 0.31 0.2275 0.44 0.455
3 0.9275 0.8975 0.145 0.205
1 0.4125 0.09 0.385 0.18
3 0.455 0.155 0.3 0.31
3 0.1575 0.62 0.315 0.76
4 0.9475 0.125 0.105 0.25
3 0.8475 0.125 0.305 0.25
1 0.955 0.7775 0.09 0.435
4 0.8425 0.6575 0.315 0.675
4 0.88 0.1225 0.24 0.245
1 0.3425 0.0575 0.325 0.115
1 0.3425 0.1875 0.435 0.375
3 0.4025 0.355 0.645 0.63
3 0.7925 0.6 0.415 0.8
3 0.0925 0.12 0.185 0.24
2 0.3075 0.0475 0.195 0.095
1 0.4725 0.0575 0.205 0.115
3 0.0625 0.2675 0.125 0.535
4 0.2625 0.6675 0.495 0.655
4 0.87 0.935 0.22 0.13
1 0.97 0.085 0.06 0.16
3 0.8025 0.3 0.375 0.6
3 0.97 0.49 0.06 0.89
1 0.8975 0.9325 0.175 0.135
3 0.235 0.2725 0.45 0.545
1 0.45 0.155 0.26 0.31
3 0.2025 0.0875 0.375 0.175
2 0.37 0.0575 0.45 0.115
3 0.845 0.9325 0.31 0.135
4 0.8825 0.8075 0.235 0.385
3 0.09 0.485 0.18 0.97
3 0.5875 0.1275 0.435 0.255
1 0.94 0.62 0.12 0.75
1 0.45 0.1225 0.14 0.235
2 0.3025 0.185 0.255 0.37
1 0.3275 0.1575 0.235 0.315
1 0.885 0.58 0.21 0.83
1 0.45 0.05 0.11 0.1
3 0.69 0.4175 0.5 0.805
2 0.295 0.085 0.25 0.17
3 0.295 0.5625 0.49 0.875
4 0.9075 0.8875 0.185 0.225
3 0.9375 0.4375 0.125 0.845
3 0.875 0.4925 0.25 0.965
3 0.4825 0.4875 0.965 0.975
