0 0.19 0.8725 0.34 0.255
1 0.1025 0.7725 0.175 0.385
3 0.36 0.585 0.53 0.83
3 0.1575 0.235 0.295 0.46
3 0.555 0.1525 0.34 0.305
1 0.55 0.37 0.38 0.74
4 0.23 0.84 0.39 0.31
3 0.12 0.0925 0.24 0.185
3 0.1275 0.61 0.245 0.78
4 0.8825 0.8425 0.235 0.305
2 0.975 0.095 0.05 0.17
3 0.3425 0.055 0.655 0.11
3 0.055 0.5 0.11 1
2 0.915 0.1025 0.17 0.205
3 0.9525 0.38 0.095 0.76
3 0.655 0.605 0.69 0.79
1 0.9375 0.265 0.125 0.53
3 0.315 0.21 0.63 0.42
2 0.9575 0.0675 0.065 0.135
1 0.555 0.23 0.28 0.46
1 0.5825 0.11 0.285 0.22
3 0.6725 0.385 0.645 0.77
3 0.65 0.0475 0.54 0.095
3 0.8775 0.095 0.245 0.19
3 0.85 0.19 0.3 0.38
3 0.7325 0.09 0.535 0.18
2 0.9375 0.1875 0.125 0.365
3 0.485 0.085 0.59 0.17
3 0.91 0.4625 0.18 0.925
3 0.585 0.07 0.29 0.14
1 0.5625 0.0775 0.185 0.155
3 0.205 0.4875 0.41 0.975
3 0.8075 0.4925 0.375 0.965
2 0.9475 0.095 0.105 0.18
3 0.4625 0.485 0.925 0.97
