3 0.355 0.6125 0.71 0.775
1 0.1475 0.05 0.135 0.1
3 0.0325 0.135 0.065 0.27
1 0.0625 0.745 0.125 0.47
3 0.4575 0.135 0.865 0.27
1 0.04 0.6075 0.08 0.785
5 0.1025 0.3975 0.175 0.795
1 0.4075 0.885 0.125 0.23
3 0.055 0.2375 0.11 0.475
3 0.3475 0.3725 0.695 0.745
1 0.22 0.83 0.18 0.31
3 0.08 0.12 0.16 0.24
3 0.655 0.2425 0.69 0.435
5 0.085 0.0325 0.17 0.055
1 0.165 0.575 0.24 0.85
5 0.015 0.5675 0.03 0.765
5 0.0975 0.06 0.195 0.12
5 0.035 0.36 0.07 0.72
3 0.815 0.55 0.37 0.9
1 0.115 0.67 0.22 0.51
5 0.065 0.105 0.13 0.21
1 0.0775 0.5725 0.145 0.855
3 0.6825 0.4025 0.515 0.805
5 0.0275 0.57 0.055 0.86
3 0.1175 0.5 0.215 1
1 0.165 0.8025 0.13 0.375
5 0.0525 0.49 0.105 0.98
3 0.5375 0.4825 0.925 0.965
