1 0.335 0.66 0.35 0.64
1 0.7325 0.665 0.515 0.67
1 0.4375 0.88 0.185 0.24
1 0.255 0.775 0.28 0.4
5 0.325 0.5825 0.25 0.835
3 0.1025 0.8775 0.205 0.245
1 0.4375 0.4175 0.275 0.825
1 0.5925 0.115 0.115 0.23
2 0.135 0.9525 0.25 0.095
3 0.88 0.42 0.24 0.84
3 0.4 0.4975 0.42 0.995
1 0.1825 0.665 0.345 0.67
1 0.5775 0.49 0.465 0.9
3 0.34 0.4925 0.19 0.985
3 0.7675 0.3175 0.455 0.635
3 0.1875 0.86 0.305 0.28
1 0.2225 0.8675 0.215 0.265
3 0.1625 0.9425 0.325 0.115
3 0.795 0.555 0.36 0.89
5 0.34 0.49 0.14 0.98
1 0.585 0.0575 0.1 0.105
3 0.6575 0.48 0.685 0.96
3 0.185 0.4925 0.37 0.985
