3 0.8175 0.8175 0.345 0.355
0 0.7075 0.8625 0.585 0.275
4 0.88 0.0925 0.24 0.185
4 0.8425 0.735 0.305 0.53
3 0.3825 0.06 0.765 0.12
2 0.385 0.975 0.71 0.05
3 0.6025 0.8025 0.745 0.395
3 0.3275 0.1525 0.655 0.305
4 0.875 0.94 0.25 0.12
3 0.1275 0.1525 0.255 0.305
3 0.06 0.4525 0.12 0.845
3 0.38 0.3575 0.76 0.645
3 0.97 0.4225 0.06 0.845
3 0.3975 0.655 0.745 0.69
3 0.655 0.2075 0.69 0.405
3 0.2325 0.0975 0.465 0.195
3 0.12 0.3875 0.24 0.775
3 0.885 0.425 0.23 0.85
4 0.9375 0.8775 0.125 0.235
3 0.5475 0.0975 0.845 0.195
3 0.9425 0.51 0.115 0.98
3 0.2325 0.5025 0.465 0.995
4 0.8675 0.875 0.265 0.25
3 0.7425 0.425 0.495 0.85
3 0.6925 0.64 0.615 0.72
3 0.5275 0.485 0.945 0.97
