2 0.11 0.8625 0.22 0.245
1 0.3825 0.115 0.115 0.23
1 0.1775 0.7425 0.355 0.505
2 0.05 0.955 0.07 0.09
3 0.9025 0.5775 0.195 0.835
3 0.1 0.3875 0.2 0.775
3 0.7 0.6125 0.37 0.775
2 0.0225 0.6625 0.045 0.265
3 0.67 0.2075 0.66 0.415
2 0.0575 0.5625 0.115 0.805
2 0.1475 0.9725 0.295 0.055
2 0.7425 0.0475 0.445 0.095
3 0.1525 0.74 0.305 0.52
1 0.3825 0.555 0.205 0.89
2 0.03 0.8275 0.06 0.345
3 0.05 0.4825 0.1 0.965
3 0.44 0.4075 0.35 0.815
5 0.365 0.5575 0.19 0.885
2 0.175 0.5575 0.29 0.785
2 0.0675 0.95 0.135 0.1
3 0.38 0.505 0.18 0.98
4 0.1475 0.84 0.295 0.31
2 0.0175 0.6825 0.035 0.185
3 0.8325 0.455 0.325 0.86
2 0.03 0.6375 0.06 0.695
2 0.135 0.7775 0.27 0.445
2 0.06 0.8875 0.12 0.225
2 0.05 0.77 0.1 0.4
2 0.1275 0.94 0.255 0.12
2 0.03 0.7075 0.06 0.295
3 0.175 0.49 0.34 0.98
3 0.665 0.49 0.67 0.97
