3 0.3175 0.4975 0.635 0.995
2 0.685 0.9725 0.57 0.055
1 0.0625 0.0625 0.125 0.125
2 0.13 0.1925 0.22 0.375
1 0.33 0.2075 0.22 0.415
2 0.0825 0.895 0.155 0.21
3 0.5925 0.2325 0.815 0.465
3 0.905 0.5075 0.19 0.875
1 0.1225 0.125 0.195 0.25
3 0.1175 0.2225 0.225 0.445
1 0.2225 0.58 0.305 0.84
3 0.0625 0.445 0.125 0.89
5 0.025 0.565 0.05 0.87
1 0.3475 0.125 0.145 0.25
3 0.0825 0.83 0.165 0.34
3 0.78 0.525 0.4 0.92
3 0.08 0.66 0.16 0.68
3 0.22 0.5025 0.26 0.995
5 0.2225 0.4175 0.205 0.805
3 0.1175 0.5025 0.235 0.975
3 0.5825 0.51 0.835 0.98
