1 0.7925 0.155 0.325 0.31
2 0.4725 0.9525 0.325 0.095
0 0.3025 0.765 0.605 0.47
1 0.6575 0.3425 0.175 0.685
1 0.81 0.08 0.3 0.16
1 0.405 0.6625 0.41 0.635
3 0.8 0.24 0.4 0.48
3 0.5075 0.435 0.465 0.87
2 0.125 0.935 0.24 0.13
1 0.3375 0.2425 0.355 0.475
2 0.145 0.7975 0.26 0.405
3 0.7975 0.76 0.405 0.48
2 0.375 0.88 0.34 0.24
3 0.15 0.78 0.28 0.44
2 0.24 0.975 0.41 0.05
3 0.24 0.275 0.46 0.55
3 0.31 0.645 0.37 0.71
1 0.1 0.92 0.19 0.16
3 0.8875 0.57 0.225 0.86
1 0.3375 0.1125 0.265 0.225
2 0.3825 0.9725 0.335 0.055
2 0.2975 0.07 0.405 0.14
3 0.6325 0.5075 0.215 0.985
3 0.1 0.12 0.2 0.24
2 0.3725 0.9375 0.445 0.125
1 0.0925 0.8 0.175 0.4
3 0.2 0.0675 0.4 0.135
2 0.3275 0.5125 0.435 0.825
3 0.295 0.4925 0.57 0.985
3 0.7775 0.5 0.445 1
