1 0.4725 0.455 0.215 0.86
3 0.24 0.2275 0.44 0.455
3 0.16 0.63 0.32 0.74
2 0.2025 0.9725 0.345 0.055
1 0.84 0.12 0.19 0.24
3 0.7675 0.1275 0.445 0.255
2 0.0325 0.9325 0.065 0.125
2 0.37 0.0625 0.35 0.125
2 0.1925 0.0475 0.175 0.085
3 0.025 0.5825 0.05 0.835
2 0.0575 0.845 0.115 0.31
2 0.26 0.0275 0.36 0.055
3 0.0775 0.545 0.155 0.91
3 0.54 0.57 0.37 0.86
0 0.095 0.8725 0.19 0.255
1 0.495 0.7825 0.2 0.435
3 0.9 0.4175 0.2 0.835
4 0.195 0.74 0.39 0.52
3 0.7175 0.355 0.355 0.71
5 0.455 0.545 0.21 0.82
3 0.185 0.8125 0.37 0.365
0 0.195 0.94 0.39 0.12
1 0.5075 0.67 0.295 0.66
3 0.4875 0.4975 0.185 0.975
2 0.2375 0.065 0.325 0.13
3 0.8325 0.57 0.305 0.86
1 0.155 0.075 0.16 0.12
0 0.19 0.845 0.38 0.31
1 0.5825 0.8325 0.135 0.325
2 0.155 0.065 0.14 0.13
3 0.7125 0.4875 0.575 0.975
3 0.2375 0.4875 0.475 0.975
