1 0.08 0.865 0.15 0.27
1 0.1525 0.0575 0.195 0.115
3 0.42 0.34 0.66 0.63
5 0.0325 0.6025 0.065 0.795
3 0.0825 0.3325 0.165 0.665
5 0.1175 0.0575 0.235 0.115
1 0.05 0.655 0.1 0.66
3 0.5775 0.125 0.845 0.25
3 0.065 0.0825 0.13 0.165
3 0.095 0.6425 0.16 0.715
2 0.06 0.065 0.11 0.13
1 0.12 0.6925 0.24 0.615
1 0.1825 0.9575 0.105 0.085
0 0.0575 0.12 0.115 0.24
3 0.885 0.44 0.23 0.88
3 0.0625 0.1875 0.125 0.365
1 0.05 0.05 0.09 0.1
5 0.07 0.6475 0.14 0.705
3 0.69 0.625 0.62 0.75
3 0.33 0.555 0.5 0.89
1 0.16 0.8475 0.16 0.305
3 0.1925 0.365 0.275 0.73
3 0.035 0.3575 0.07 0.715
3 0.03 0.5725 0.06 0.855
3 0.7 0.4175 0.51 0.795
1 0.175 0.92 0.12 0.16
3 0.125 0.495 0.24 0.99
3 0.055 0.495 0.11 0.99
3 0.535 0.485 0.93 0.97
