2 0.3625 0.92 0.445 0.16
1 0.735 0.1275 0.27 0.255
3 0.7625 0.065 0.355 0.13
1 0.76 0.85 0.42 0.29
1 0.135 0.08 0.17 0.16
2 0.73 0.0675 0.28 0.135
1 0.155 0.3025 0.28 0.525
3 0.91 0.505 0.18 0.99
3 0.92 0.1675 0.16 0.315
3 0.6825 0.605 0.345 0.79
1 0.7 0.0675 0.27 0.135
2 0.2625 0.8075 0.465 0.385
3 0.1625 0.6325 0.325 0.735
2 0.3275 0.97 0.325 0.06
1 0.2075 0.8675 0.345 0.265
1 0.29 0.3225 0.43 0.645
3 0.29 0.7325 0.49 0.535
3 0.1525 0.34 0.305 0.68
1 0.33 0.85 0.31 0.3
1 0.75 0.695 0.46 0.61
2 0.7875 0.195 0.365 0.39
3 0.045 0.49 0.09 0.88
3 0.2225 0.87 0.405 0.26
2 0.255 0.345 0.45 0.69
1 0.2875 0.665 0.455 0.67
1 0.155 0.1525 0.14 0.285
3 0.7775 0.1525 0.365 0.295
2 0.2675 0.88 0.285 0.24
1 0.1875 0.51 0.335 0.95
3 0.09 0.49 0.18 0.97
2 0.275 0.945 0.27 0.11
3 0.235 0.4925 0.47 0.985
3 0.79 0.5025 0.42 0.995
