3 0.4425 0.19 0.885 0.37
1 0.095 0.9425 0.16 0.115
1 0.025 0.5075 0.05 0.935
1 0.04 0.2625 0.07 0.455
3 0.905 0.5725 0.18 0.855
5 0.06 0.2725 0.11 0.515
1 0.2025 0.205 0.205 0.39
3 0.4075 0.665 0.735 0.67
1 0.025 0.7975 0.05 0.365
1 0.0525 0.8775 0.105 0.245
1 0.095 0.49 0.18 0.9
3 0.3525 0.37 0.665 0.74
1 0.055 0.16 0.11 0.32
3 0.83 0.455 0.33 0.89
1 0.075 0.9575 0.1 0.085
5 0.0325 0.2175 0.065 0.435
1 0.1975 0.1225 0.125 0.235
3 0.68 0.645 0.64 0.68
1 0.055 0.35 0.11 0.7
1 0.1875 0.59 0.265 0.82
3 0.055 0.4575 0.11 0.905
3 0.6825 0.4075 0.525 0.815
3 0.1575 0.4975 0.295 0.995
3 0.5325 0.485 0.935 0.97
