5 0.5625 0.9475 0.845 0.105
3 0.1525 0.505 0.305 0.99
1 0.6125 0.85 0.425 0.29
3 0.56 0.225 0.88 0.43
3 0.3175 0.195 0.635 0.38
4 0.9425 0.1275 0.115 0.255
3 0.895 0.655 0.19 0.69
1 0.94 0.9375 0.12 0.125
2 0.96 0.935 0.07 0.13
1 0.9725 0.8 0.055 0.36
1 0.9075 0.775 0.185 0.44
2 0.9125 0.8725 0.175 0.255
1 0.5875 0.845 0.155 0.28
1 0.97 0.9175 0.06 0.165
3 0.7025 0.4 0.595 0.78
1 0.9475 0.8475 0.105 0.305
3 0.94 0.4825 0.12 0.945
3 0.2975 0.4075 0.545 0.815
3 0.84 0.4875 0.31 0.975
3 0.495 0.4875 0.99 0.975
