0 0.8925 0.94 0.215 0.12
0 0.5875 0.925 0.825 0.14
3 0.565 0.105 0.87 0.21
1 0.105 0.075 0.13 0.15
4 0.8975 0.935 0.205 0.13
4 0.8725 0.885 0.255 0.23
3 0.5425 0.2275 0.915 0.455
3 0.1025 0.2225 0.185 0.425
3 0.6425 0.655 0.715 0.66
2 0.545 0.97 0.78 0.06
0 0.67 0.9525 0.64 0.095
1 0.1225 0.3575 0.205 0.715
3 0.33 0.665 0.66 0.67
2 0.85 0.935 0.27 0.13
1 0.115 0.13 0.18 0.25
3 0.8475 0.49 0.305 0.84
0 0.815 0.9175 0.36 0.165
3 0.0975 0.485 0.195 0.97
3 0.705 0.4175 0.57 0.825
3 0.31 0.4225 0.55 0.845
3 0.5 0.5075 1 0.985
