1 0.2975 0.2325 0.185 0.335
4 0.17 0.9775 0.34 0.045
4 0.975 0.4725 0.05 0.535
1 0.5975 0.3175 0.195 0.635
4 0.0275 0.8475 0.055 0.305
4 0.9725 0.2 0.055 0.4
4 0.125 0.0225 0.25 0.045
4 0.955 0.3825 0.09 0.635
1 0.6725 0.0775 0.275 0.155
4 0.0575 0.115 0.115 0.23
4 0.155 0.92 0.3 0.16
4 0.0275 0.4025 0.055 0.515
1 0.665 0.17 0.24 0.33
4 0.1175 0.06 0.235 0.12
1 0.0975 0.7675 0.195 0.435
4 0.3625 0.705 0.235 0.32
5 0.305 0.335 0.28 0.19
4 0.9325 0.065 0.135 0.13
4 0.7025 0.0625 0.315 0.125
2 0.1125 0.6675 0.225 0.485
4 0.06 0.88 0.12 0.24
4 0.7925 0.0275 0.395 0.055
4 0.855 0.0475 0.29 0.095
4 0.9375 0.2025 0.125 0.395
4 0.2725 0.735 0.335 0.33
4 0.1025 0.9475 0.205 0.105
4 0.7725 0.0975 0.365 0.195
4 0.9075 0.115 0.185 0.23
4 0.715 0.7975 0.3 0.405
4 0.805 0.1725 0.25 0.315
