4 0.24 0.0475 0.34 0.095
4 0.9475 0.895 0.105 0.2
4 0.2725 0.8875 0.385 0.225
4 0.0775 0.935 0.155 0.13
4 0.98 0.7625 0.04 0.325
4 0.3725 0.6125 0.285 0.515
4 0.825 0.0275 0.35 0.055
4 0.96 0.1175 0.08 0.235
4 0.98 0.1 0.04 0.2
5 0.91 0.3775 0.18 0.645
4 0.335 0.0425 0.2 0.075
4 0.3 0.395 0.27 0.27
4 0.4875 0.9525 0.455 0.095
4 0.7375 0.0575 0.315 0.115
4 0.96 0.49 0.08 0.43
4 0.65 0.025 0.53 0.05
4 0.0825 0.2925 0.165 0.575
4 0.145 0.025 0.29 0.05
4 0.915 0.8375 0.17 0.315
4 0.0275 0.15 0.055 0.27
4 0.9875 0.1925 0.025 0.335
4 0.1225 0.8875 0.245 0.225
4 0.86 0.4975 0.18 0.425
4 0.025 0.5825 0.05 0.545
4 0.4525 0.02 0.475 0.04
4 0.95 0.255 0.09 0.44
4 0.9725 0.6525 0.055 0.495
4 0.03 0.835 0.06 0.33
4 0.0275 0.33 0.055 0.64
5 0.87 0.505 0.16 0.39
4 0.2425 0.9675 0.365 0.065
4 0.12 0.055 0.24 0.11
4 0.97 0.8475 0.06 0.295
4 0.365 0.0825 0.25 0.165
4 0.8875 0.705 0.205 0.49
4 0.0575 0.7675 0.115 0.435
4 0.62 0.9025 0.28 0.195
4 0.2725 0.095 0.305 0.19
4 0.385 0.965 0.38 0.07
4 0.975 0.22 0.05 0.41
1 0.37 0.6875 0.26 0.595
4 0.9375 0.635 0.125 0.51
4 0.0575 0.19 0.115 0.36
4 0.0325 0.9175 0.065 0.165
4 0.1975 0.2 0.345 0.39
4 0.1175 0.9675 0.235 0.065
4 0.9575 0.755 0.085 0.44
4 0.0575 0.96 0.115 0.08
4 0.3375 0.1525 0.225 0.285
4 0.3125 0.945 0.405 0.11
4 0.1225 0.135 0.245 0.26
4 0.0525 0.885 0.105 0.23
4 0.165 0.9475 0.33 0.105
4 0.2975 0.2725 0.295 0.455
4 0.905 0.545 0.19 0.27
4 0.415 0.9075 0.39 0.185
4 0.3375 0.515 0.285 0.28
4 0.415 0.185 0.28 0.25
