4 0.2375 0.2675 0.235 0.285
4 0.5425 0.0425 0.405 0.085
4 0.6225 0.155 0.515 0.3
1 0.3675 0.8825 0.215 0.235
4 0.3425 0.91 0.285 0.18
4 0.9725 0.1175 0.055 0.235
4 0.3475 0.9725 0.375 0.055
1 0.8875 0.7075 0.225 0.575
1 0.225 0.445 0.2 0.71
4 0.3525 0.0925 0.435 0.175
4 0.0275 0.725 0.055 0.37
4 0.23 0.1575 0.21 0.295
4 0.8675 0.05 0.265 0.09
4 0.76 0.0325 0.4 0.065
4 0.225 0.225 0.17 0.15
4 0.31 0.41 0.33 0.62
4 0.71 0.0575 0.39 0.095
4 0.26 0.0275 0.39 0.055
4 0.8825 0.725 0.225 0.55
4 0.755 0.9175 0.25 0.165
4 0.945 0.1475 0.11 0.295
4 0.025 0.5475 0.05 0.375
4 0.9075 0.895 0.185 0.21
2 0.915 0.71 0.17 0.56
4 0.84 0.1125 0.3 0.225
4 0.3175 0.28 0.245 0.42
4 0.41 0.945 0.34 0.11
4 0.315 0.0475 0.41 0.095
4 0.47 0.0275 0.33 0.055
4 0.46 0.13 0.34 0.25
4 0.615 0.025 0.41 0.05
4 0.665 0.0775 0.55 0.155
4 0.46 0.64 0.23 0.37
4 0.3725 0.39 0.275 0.38
4 0.935 0.775 0.13 0.45
4 0.445 0.06 0.34 0.12
4 0.4125 0.265 0.345 0.51
4 0.805 0.065 0.26 0.13
4 0.415 0.5175 0.29 0.585
4 0.78 0.805 0.23 0.33
