4 0.9775 0.89 0.045 0.2
4 0.37 0.975 0.41 0.05
4 0.5425 0.07 0.345 0.14
4 0.125 0.0475 0.25 0.095
4 0.6225 0.8275 0.185 0.335
4 0.8475 0.0275 0.305 0.055
4 0.0575 0.115 0.115 0.23
4 0.08 0.96 0.16 0.08
4 0.0325 0.845 0.065 0.31
4 0.6175 0.9525 0.575 0.095
4 0.06 0.555 0.12 0.42
4 0.2375 0.3 0.235 0.3
4 0.705 0.975 0.47 0.05
4 0.27 0.06 0.45 0.12
4 0.935 0.12 0.13 0.22
4 0.03 0.6525 0.06 0.345
4 0.8025 0.92 0.395 0.16
4 0.4725 0.92 0.545 0.16
4 0.7975 0.05 0.365 0.1
4 0.3675 0.1 0.475 0.2
4 0.6275 0.0275 0.445 0.055
1 0.1675 0.51 0.225 0.52
4 0.0625 0.8775 0.125 0.235
1 0.795 0.77 0.36 0.46
4 0.9475 0.9375 0.105 0.125
4 0.2225 0.97 0.445 0.06
4 0.8425 0.9725 0.315 0.055
4 0.4775 0.03 0.335 0.06
4 0.3 0.3625 0.17 0.155
4 0.16 0.5625 0.29 0.535
4 0.045 0.76 0.09 0.45
4 0.125 0.9425 0.25 0.115
4 0.3 0.84 0.5 0.31
4 0.5025 0.9725 0.405 0.055
4 0.185 0.0225 0.35 0.045
4 0.415 0.0525 0.42 0.105
4 0.8825 0.9475 0.235 0.105
4 0.255 0.12 0.26 0.22
4 0.955 0.865 0.09 0.27
4 0.165 0.8825 0.33 0.235
4 0.7075 0.0875 0.535 0.175
4 0.0975 0.6625 0.195 0.345
4 0.865 0.37 0.26 0.22
4 0.865 0.245 0.21 0.47
4 0.0925 0.8025 0.185 0.395
4 0.4 0.955 0.42 0.09
4 0.5325 0.05 0.215 0.1
4 0.1875 0.735 0.365 0.53
4 0.3025 0.9125 0.395 0.175
4 0.8775 0.0975 0.245 0.195
4 0.2825 0.2075 0.265 0.415
4 0.865 0.3725 0.16 0.155
