4 0.79 0.025 0.41 0.05
4 0.8375 0.3475 0.135 0.285
4 0.275 0.975 0.54 0.05
4 0.4575 0.9675 0.595 0.065
4 0.51 0.0425 0.44 0.085
1 0.8375 0.37 0.105 0.21
4 0.98 0.675 0.04 0.51
4 0.025 0.315 0.05 0.63
4 0.6225 0.95 0.235 0.1
4 0.6825 0.94 0.485 0.12
4 0.1025 0.96 0.175 0.08
2 0.9475 0.49 0.095 0.64
4 0.6475 0.0275 0.395 0.055
4 0.2 0.9525 0.34 0.095
4 0.9575 0.295 0.085 0.56
4 0.1 0.85 0.2 0.3
4 0.94 0.51 0.11 0.64
4 0.955 0.6875 0.09 0.525
4 0.4425 0.9275 0.625 0.145
4 0.63 0.06 0.34 0.12
4 0.5275 0.9425 0.335 0.115
4 0.12 0.93 0.24 0.14
4 0.6025 0.51 0.335 0.35
