1 0.295 0.58 0.25 0.59
4 0.39 0.12 0.35 0.22
4 0.7425 0.95 0.355 0.1
4 0.055 0.875 0.11 0.24
2 0.855 0.635 0.29 0.7
4 0.055 0.115 0.11 0.23
4 0.975 0.6125 0.05 0.645
4 0.6925 0.0425 0.205 0.085
4 0.38 0.0425 0.22 0.075
4 0.1675 0.975 0.325 0.05
4 0.2275 0.955 0.365 0.09
4 0.975 0.365 0.05 0.68
4 0.87 0.0275 0.26 0.055
4 0.87 0.3625 0.26 0.575
1 0.8525 0.3125 0.285 0.575
1 0.17 0.245 0.34 0.48
4 0.4175 0.0275 0.355 0.055
4 0.6175 0.025 0.315 0.05
4 0.1575 0.03 0.225 0.06
1 0.725 0.3125 0.19 0.565
2 0.8275 0.045 0.345 0.09
4 0.83 0.97 0.34 0.06
4 0.8075 0.0425 0.385 0.085
4 0.12 0.9525 0.24 0.095
4 0.3675 0.055 0.375 0.11
2 0.865 0.33 0.26 0.66
2 0.755 0.03 0.26 0.06
2 0.2075 0.2525 0.415 0.505
4 0.125 0.055 0.25 0.11
4 0.26 0.03 0.27 0.06
4 0.225 0.2275 0.42 0.455
4 0.295 0.095 0.29 0.19
4 0.72 0.0275 0.25 0.055
4 0.23 0.0575 0.3 0.115
4 0.3425 0.2375 0.225 0.445
4 0.2175 0.745 0.255 0.24
4 0.68 0.45 0.23 0.32
