4 0.92 0.065 0.16 0.13
4 0.9775 0.3275 0.045 0.555
4 0.6775 0.1575 0.415 0.315
4 0.3825 0.025 0.505 0.05
4 0.845 0.0225 0.31 0.045
1 0.5075 0.5075 0.185 0.575
2 0.41 0.2925 0.53 0.585
4 0.74 0.975 0.27 0.05
4 0.9475 0.1925 0.105 0.375
1 0.495 0.4375 0.15 0.305
4 0.8375 0.0475 0.325 0.095
4 0.0625 0.1125 0.125 0.225
4 0.3025 0.905 0.325 0.19
4 0.0575 0.7775 0.115 0.275
4 0.9575 0.845 0.085 0.31
4 0.045 0.4725 0.09 0.395
4 0.6725 0.04 0.315 0.07
4 0.3975 0.09 0.655 0.18
4 0.1675 0.9725 0.335 0.055
4 0.29 0.145 0.49 0.22
4 0.0825 0.8475 0.165 0.305
4 0.1725 0.025 0.345 0.05
4 0.8 0.2175 0.17 0.255
4 0.3075 0.045 0.465 0.09
4 0.1 0.0725 0.2 0.145
4 0.2 0.95 0.39 0.1
4 0.185 0.3125 0.33 0.445
4 0.1975 0.865 0.375 0.26
4 0.74 0.025 0.35 0.05
4 0.175 0.7475 0.35 0.325
4 0.1925 0.095 0.365 0.19
4 0.18 0.55 0.33 0.72
4 0.8 0.155 0.25 0.31
