4 0.46 0.685 0.4 0.63
4 0.2425 0.03 0.445 0.06
4 0.9775 0.755 0.045 0.32
4 0.97 0.5625 0.06 0.405
4 0.85 0.81 0.3 0.38
4 0.7225 0.025 0.395 0.05
4 0.445 0.085 0.31 0.17
4 0.47 0.1925 0.24 0.365
4 0.9175 0.7375 0.165 0.455
2 0.2325 0.4225 0.385 0.845
4 0.7375 0.0575 0.425 0.115
4 0.44 0.8725 0.4 0.255
4 0.275 0.975 0.54 0.05
4 0.7375 0.905 0.445 0.19
4 0.6675 0.9725 0.465 0.055
4 0.8375 0.9725 0.325 0.055
4 0.92 0.065 0.16 0.13
4 0.435 0.025 0.46 0.05
4 0.8075 0.945 0.385 0.11
5 0.4525 0.155 0.215 0.23
4 0.845 0.0275 0.31 0.055
4 0.41 0.9425 0.45 0.115
4 0.4875 0.9725 0.515 0.055
4 0.96 0.8975 0.08 0.175
4 0.9425 0.1175 0.115 0.235
4 0.9575 0.7225 0.085 0.405
4 0.3025 0.9075 0.565 0.185
4 0.3475 0.0425 0.425 0.085
4 0.5825 0.3625 0.315 0.215
4 0.8475 0.095 0.305 0.19
4 0.9475 0.835 0.105 0.32
4 0.87 0.9025 0.26 0.195
4 0.1275 0.9375 0.255 0.125
4 0.505 0.6125 0.29 0.385
4 0.59 0.3625 0.24 0.125
