1 0.0775 0.8125 0.145 0.335
4 0.15 0.5475 0.29 0.565
4 0.6575 0.04 0.195 0.07
4 0.9725 0.3275 0.055 0.555
4 0.5225 0.0675 0.255 0.135
4 0.0575 0.115 0.115 0.23
4 0.975 0.1675 0.05 0.295
4 0.0675 0.345 0.135 0.42
4 0.125 0.945 0.25 0.11
4 0.03 0.725 0.06 0.53
4 0.085 0.8975 0.17 0.205
4 0.3825 0.0275 0.335 0.055
4 0.2 0.025 0.37 0.05
4 0.495 0.025 0.2 0.05
4 0.5775 0.05 0.325 0.1
4 0.225 0.9125 0.34 0.175
4 0.665 0.0275 0.37 0.055
4 0.0625 0.8025 0.125 0.355
4 0.0475 0.47 0.095 0.34
4 0.0775 0.5975 0.145 0.355
4 0.505 0.5775 0.46 0.755
4 0.38 0.0475 0.52 0.095
4 0.1675 0.385 0.315 0.25
4 0.595 0.0475 0.19 0.085
4 0.3175 0.455 0.635 0.26
4 0.48 0.04 0.28 0.08
4 0.5575 0.0325 0.205 0.065
4 0.1 0.445 0.2 0.35
4 0.4775 0.4775 0.405 0.385
4 0.585 0.7875 0.4 0.405
4 0.51 0.2175 0.2 0.215
