4 0.16 0.81 0.32 0.34
4 0.7325 0.3375 0.295 0.605
4 0.14 0.9725 0.28 0.055
4 0.41 0.1975 0.35 0.365
4 0.325 0.77 0.2 0.15
4 0.6625 0.1575 0.385 0.305
4 0.8775 0.97 0.245 0.06
4 0.065 0.95 0.13 0.1
4 0.0525 0.0425 0.105 0.075
4 0.8275 0.0275 0.335 0.055
4 0.33 0.0175 0.38 0.035
4 0.5125 0.0775 0.465 0.155
4 0.0575 0.8725 0.115 0.255
4 0.8775 0.0525 0.245 0.105
4 0.975 0.185 0.05 0.36
4 0.585 0.31 0.54 0.38
4 0.91 0.5875 0.18 0.365
4 0.0525 0.665 0.105 0.43
4 0.3475 0.2925 0.405 0.285
4 0.055 0.3 0.11 0.32
4 0.9425 0.2775 0.115 0.535
4 0.27 0.075 0.42 0.15
1 0.3025 0.1925 0.245 0.385
4 0.025 0.9325 0.05 0.125
4 0.0275 0.2225 0.055 0.395
4 0.0825 0.7725 0.165 0.395
4 0.15 0.9425 0.3 0.115
4 0.5375 0.61 0.365 0.19
4 0.955 0.1175 0.09 0.235
4 0.4525 0.0275 0.435 0.055
4 0.97 0.915 0.06 0.17
1 0.23 0.8425 0.17 0.295
4 0.9725 0.4375 0.055 0.425
4 0.025 0.725 0.05 0.44
4 0.8425 0.945 0.315 0.11
4 0.165 0.0575 0.25 0.115
4 0.0275 0.4 0.055 0.42
4 0.6925 0.56 0.355 0.27
4 0.9475 0.48 0.105 0.5
4 0.8125 0.1475 0.355 0.285
4 0.0275 0.8625 0.055 0.205
4 0.9375 0.9375 0.125 0.125
4 0.9725 0.595 0.055 0.42
4 0.06 0.115 0.12 0.23
4 0.9725 0.76 0.055 0.45
4 0.4075 0.0575 0.315 0.115
4 0.905 0.1275 0.19 0.255
4 0.9475 0.8675 0.105 0.255
4 0.4825 0.4225 0.395 0.545
4 0.12 0.04 0.18 0.08
4 0.945 0.7025 0.11 0.575
4 0.085 0.9 0.17 0.2
4 0.085 0.0575 0.17 0.115
4 0.2 0.025 0.3 0.05
4 0.045 0.8125 0.09 0.325
4 0.1025 0.025 0.205 0.05
4 0.0375 0.9075 0.075 0.175
4 0.52 0.55 0.53 0.3
4 0.46 0.2725 0.32 0.195
