4 0.1425 0.0225 0.285 0.045
4 0.025 0.8 0.05 0.4
4 0.9525 0.415 0.075 0.56
4 0.9725 0.1675 0.055 0.315
4 0.475 0.94 0.38 0.12
4 0.845 0.1925 0.31 0.375
5 0.0375 0.5575 0.075 0.295
4 0.88 0.5175 0.24 0.615
1 0.2675 0.13 0.175 0.25
4 0.0825 0.97 0.165 0.06
4 0.8275 0.0725 0.315 0.145
4 0.0625 0.125 0.125 0.25
4 0.9 0.08 0.2 0.16
4 0.4 0.975 0.48 0.05
4 0.9475 0.195 0.105 0.36
4 0.0625 0.5925 0.125 0.275
4 0.0975 0.065 0.195 0.13
4 0.06 0.7675 0.12 0.425
4 0.17 0.975 0.34 0.05
4 0.5925 0.48 0.635 0.3
4 0.97 0.49 0.06 0.36
2 0.305 0.3325 0.4 0.645
4 0.765 0.0325 0.25 0.065
4 0.9425 0.55 0.115 0.41
4 0.185 0.6275 0.36 0.315
4 0.4175 0.415 0.285 0.31
4 0.7975 0.37 0.285 0.74
4 0.415 0.485 0.19 0.26
4 0.67 0.0525 0.46 0.105
4 0.0275 0.65 0.055 0.37
4 0.0975 0.6575 0.195 0.325
4 0.8025 0.6025 0.395 0.795
5 0.1975 0.5475 0.395 0.185
2 0.245 0.455 0.47 0.33
4 0.8775 0.0425 0.195 0.085
5 0.0775 0.5475 0.155 0.145
4 0.2575 0.4775 0.465 0.335
4 0.765 0.5125 0.45 0.445
4 0.815 0.05 0.21 0.1
4 0.8325 0.8075 0.335 0.375
4 0.785 0.245 0.21 0.22
