4 0.9325 0.9375 0.135 0.125
4 0.96 0.325 0.08 0.65
4 0.7725 0.37 0.225 0.5
4 0.2775 0.955 0.355 0.08
4 0.9425 0.16 0.115 0.31
4 0.8725 0.8825 0.255 0.225
1 0.7225 0.8075 0.335 0.385
4 0.0525 0.8675 0.105 0.255
4 0.4925 0.9025 0.505 0.195
4 0.8725 0.9675 0.255 0.065
4 0.0375 0.53 0.065 0.43
4 0.515 0.11 0.2 0.16
2 0.1175 0.0875 0.235 0.175
4 0.975 0.74 0.05 0.51
5 0.625 0.5925 0.31 0.175
4 0.9775 0.365 0.045 0.6
2 0.4525 0.7975 0.595 0.405
4 0.025 0.44 0.05 0.51
4 0.64 0.18 0.21 0.25
1 0.5175 0.095 0.235 0.19
4 0.6975 0.16 0.405 0.31
4 0.3825 0.97 0.435 0.06
4 0.6875 0.0275 0.405 0.055
4 0.49 0.955 0.48 0.09
4 0.69 0.97 0.48 0.06
4 0.8525 0.03 0.185 0.06
4 0.675 0.4175 0.22 0.335
4 0.025 0.6525 0.05 0.585
4 0.7225 0.8075 0.365 0.385
4 0.845 0.1675 0.27 0.335
4 0.7375 0.05 0.475 0.1
4 0.6325 0.9425 0.425 0.115
4 0.88 0.0525 0.24 0.105
4 0.5925 0.0975 0.295 0.195
4 0.835 0.9425 0.33 0.115
4 0.5975 0.8075 0.295 0.385
4 0.74 0.9125 0.45 0.175
2 0.5975 0.8075 0.275 0.385
4 0.6325 0.32 0.255 0.47
