1 0.97 0.4175 0.06 0.745
3 0.2425 0.545 0.485 0.89
4 0.03 0.105 0.06 0.2
4 0.915 0.96 0.16 0.08
4 0.9525 0.27 0.095 0.5
4 0.205 0.0275 0.41 0.055
4 0.9025 0.92 0.185 0.16
4 0.845 0.8825 0.31 0.235
4 0.0275 0.7625 0.055 0.455
4 0.97 0.0875 0.06 0.175
4 0.97 0.76 0.06 0.47
4 0.81 0.7675 0.38 0.405
4 0.7925 0.97 0.315 0.06
4 0.0575 0.1175 0.115 0.235
4 0.865 0.03 0.27 0.06
2 0.955 0.3325 0.09 0.555
4 0.97 0.895 0.06 0.21
4 0.7625 0.5175 0.275 0.365
4 0.0475 0.865 0.095 0.27
4 0.9575 0.5425 0.085 0.695
4 0.8425 0.9475 0.315 0.105
4 0.9475 0.05 0.105 0.09
4 0.915 0.8 0.17 0.4
4 0.1625 0.07 0.325 0.14
4 0.9725 0.205 0.055 0.36
4 0.9475 0.1225 0.105 0.245
4 0.9425 0.8725 0.115 0.245
4 0.7325 0.3825 0.255 0.485
4 0.9025 0.0575 0.195 0.115
4 0.695 0.28 0.25 0.27
