4 0.025 0.3675 0.05 0.625
4 0.88 0.1 0.24 0.2
4 0.165 0.9575 0.21 0.085
4 0.445 0.945 0.3 0.11
4 0.05 0.12 0.1 0.24
4 0.955 0.52 0.09 0.6
5 0.7075 0.3375 0.585 0.265
4 0.26 0.9375 0.45 0.125
4 0.31 0.0225 0.42 0.045
4 0.0425 0.7275 0.085 0.475
4 0.94 0.7025 0.12 0.565
4 0.9575 0.3125 0.085 0.565
4 0.685 0.3425 0.53 0.285
5 0.78 0.3775 0.23 0.255
4 0.0225 0.8975 0.045 0.175
4 0.17 0.0475 0.31 0.095
4 0.095 0.96 0.19 0.08
4 0.025 0.19 0.05 0.33
4 0.04 0.92 0.08 0.16
4 0.9725 0.4175 0.055 0.465
4 0.0875 0.81 0.175 0.38
4 0.0325 0.83 0.065 0.34
4 0.9575 0.7975 0.085 0.375
4 0.975 0.615 0.05 0.57
4 0.06 0.88 0.12 0.24
4 0.1225 0.93 0.245 0.14
4 0.565 0.295 0.29 0.31
