4 0.155 0.555 0.31 0.56
1 0.2775 0.7975 0.325 0.395
1 0.7375 0.7425 0.215 0.505
4 0.305 0.1075 0.35 0.215
4 0.9725 0.795 0.055 0.39
5 0.7725 0.2625 0.455 0.155
1 0.23 0.5225 0.19 0.365
4 0.865 0.0275 0.27 0.055
4 0.85 0.055 0.3 0.11
4 0.0275 0.3025 0.055 0.605
1 0.225 0.6225 0.26 0.645
4 0.2 0.835 0.33 0.33
4 0.4425 0.9525 0.755 0.095
2 0.9875 0.15 0.025 0.3
4 0.9575 0.475 0.085 0.62
4 0.59 0.15 0.34 0.29
4 0.1975 0.97 0.395 0.06
4 0.9475 0.85 0.105 0.29
4 0.8075 0.875 0.295 0.25
4 0.4425 0.1475 0.265 0.285
4 0.025 0.565 0.05 0.65
4 0.7225 0.9625 0.375 0.075
4 0.705 0.4175 0.17 0.275
4 0.1225 0.9475 0.245 0.105
4 0.0875 0.8725 0.175 0.255
2 0.9025 0.735 0.175 0.53
4 0.37 0.0425 0.29 0.075
4 0.055 0.4125 0.11 0.555
4 0.09 0.66 0.18 0.64
4 0.03 0.815 0.06 0.35
4 0.1375 0.025 0.195 0.05
4 0.9725 0.135 0.055 0.25
4 0.645 0.0275 0.48 0.055
4 0.38 0.9725 0.56 0.055
4 0.2725 0.745 0.325 0.44
4 0.9375 0.065 0.125 0.13
4 0.6525 0.0825 0.555 0.165
4 0.065 0.08 0.13 0.16
4 0.63 0.79 0.36 0.32
4 0.3275 0.0225 0.405 0.045
2 0.9725 0.2025 0.055 0.405
4 0.1025 0.4475 0.205 0.325
4 0.2725 0.95 0.345 0.1
4 0.0425 0.655 0.085 0.45
4 0.835 0.9525 0.32 0.095
4 0.955 0.205 0.09 0.4
4 0.0575 0.7675 0.115 0.405
4 0.7925 0.975 0.305 0.05
4 0.1175 0.055 0.235 0.11
4 0.7375 0.8125 0.285 0.375
4 0.4475 0.09 0.445 0.18
4 0.475 0.0275 0.46 0.055
4 0.305 0.8375 0.24 0.305
2 0.945 0.275 0.11 0.55
4 0.2075 0.0275 0.365 0.055
4 0.55 0.0525 0.42 0.105
4 0.2625 0.0525 0.455 0.105
4 0.51 0.7775 0.7 0.405
4 0.62 0.33 0.29 0.43
