4 0.945 0.125 0.11 0.25
5 0.7075 0.0425 0.585 0.085
1 0.23 0.05 0.13 0.1
1 0.205 0.1425 0.12 0.285
4 0.415 0.7 0.34 0.47
4 0.4575 0.0275 0.505 0.055
4 0.975 0.365 0.05 0.59
4 0.7425 0.9575 0.515 0.085
4 0.1075 0.945 0.215 0.11
4 0.4 0.9 0.37 0.2
1 0.3675 0.885 0.275 0.22
4 0.4375 0.97 0.455 0.06
4 0.4775 0.59 0.385 0.8
4 0.315 0.0425 0.47 0.085
4 0.0275 0.885 0.055 0.23
4 0.6125 0.03 0.335 0.06
4 0.94 0.94 0.12 0.12
4 0.665 0.9725 0.47 0.055
2 0.0325 0.935 0.065 0.12
4 0.04 0.9325 0.08 0.125
4 0.52 0.9475 0.44 0.105
4 0.505 0.0575 0.57 0.115
4 0.51 0.1375 0.46 0.255
4 0.5175 0.7675 0.405 0.375
4 0.5225 0.275 0.375 0.54
