5 0.065 0.5425 0.13 0.195
4 0.385 0.2625 0.32 0.405
4 0.9225 0.05 0.155 0.1
5 0.65 0.0325 0.22 0.055
4 0.9875 0.6025 0.025 0.405
4 0.575 0.1925 0.41 0.385
1 0.95 0.05 0.1 0.1
4 0.085 0.23 0.17 0.34
4 0.9025 0.4175 0.195 0.275
5 0.685 0.0475 0.26 0.095
4 0.94 0.1125 0.12 0.225
4 0.0225 0.255 0.045 0.31
4 0.48 0.3325 0.28 0.505
4 0.33 0.03 0.37 0.06
4 0.125 0.975 0.25 0.05
4 0.42 0.865 0.28 0.27
5 0.4125 0.42 0.365 0.38
4 0.0425 0.0575 0.085 0.115
1 0.9425 0.64 0.105 0.72
4 0.845 0.9425 0.31 0.115
4 0.7975 0.895 0.245 0.21
4 0.3975 0.4675 0.475 0.245
1 0.9225 0.0825 0.155 0.165
4 0.945 0.475 0.11 0.35
4 0.9725 0.8475 0.055 0.275
4 0.03 0.4375 0.06 0.325
4 0.4875 0.0275 0.405 0.055
4 0.665 0.0425 0.18 0.075
4 0.055 0.3025 0.11 0.325
4 0.4825 0.09 0.265 0.18
5 0.245 0.5525 0.49 0.195
4 0.975 0.58 0.05 0.6
4 0.555 0.05 0.38 0.1
4 0.0275 0.17 0.055 0.3
4 0.055 0.1225 0.11 0.245
4 0.375 0.055 0.32 0.11
4 0.955 0.6875 0.09 0.605
4 0.455 0.295 0.19 0.24
4 0.9425 0.8425 0.115 0.305
5 0.3675 0.485 0.585 0.18
4 0.46 0.5575 0.28 0.335
4 0.875 0.87 0.25 0.26
5 0.14 0.56 0.28 0.16
5 0.37 0.4575 0.37 0.125
4 0.455 0.195 0.22 0.38
4 0.435 0.72 0.29 0.53
4 0.8525 0.4 0.165 0.15
