5 0.44 0.3125 0.54 0.185
4 0.05 0.92 0.1 0.16
4 0.095 0.6225 0.19 0.415
4 0.04 0.0525 0.08 0.095
4 0.505 0.5575 0.18 0.185
4 0.95 0.14 0.1 0.27
4 0.115 0.975 0.23 0.05
4 0.5425 0.0575 0.675 0.115
4 0.4275 0.585 0.325 0.28
4 0.0425 0.7425 0.085 0.345
4 0.915 0.7975 0.16 0.405
4 0.745 0.0575 0.38 0.115
5 0.27 0.3075 0.45 0.215
4 0.935 0.0625 0.13 0.125
4 0.0575 0.555 0.115 0.36
4 0.9175 0.525 0.165 0.86
1 0.055 0.405 0.11 0.63
4 0.835 0.9725 0.33 0.055
4 0.31 0.975 0.44 0.05
4 0.1875 0.185 0.345 0.36
4 0.03 0.1675 0.06 0.305
4 0.3975 0.05 0.235 0.1
4 0.03 0.3275 0.06 0.505
4 0.28 0.03 0.3 0.06
4 0.025 0.6325 0.05 0.315
4 0.815 0.9375 0.36 0.125
4 0.45 0.0275 0.43 0.055
4 0.15 0.03 0.3 0.06
4 0.0575 0.8425 0.115 0.305
4 0.76 0.0275 0.43 0.055
4 0.0275 0.49 0.055 0.43
4 0.2375 0.9375 0.415 0.125
4 0.06 0.105 0.12 0.21
5 0.3425 0.33 0.375 0.11
4 0.3525 0.7625 0.245 0.325
4 0.1025 0.06 0.205 0.12
4 0.865 0.05 0.27 0.1
4 0.06 0.2625 0.12 0.425
4 0.1675 0.97 0.335 0.06
4 0.3375 0.1925 0.295 0.385
4 0.83 0.2025 0.27 0.405
4 0.2075 0.0475 0.365 0.095
4 0.165 0.0875 0.33 0.175
4 0.1225 0.945 0.245 0.11
4 0.4325 0.0775 0.345 0.155
4 0.265 0.12 0.38 0.24
4 0.095 0.1525 0.19 0.305
4 0.84 0.415 0.31 0.83
4 0.3075 0.065 0.385 0.13
4 0.8675 0.7 0.265 0.6
4 0.8825 0.8825 0.235 0.235
4 0.8275 0.095 0.235 0.19
4 0.4225 0.705 0.285 0.41
