4 0.1775 0.1875 0.345 0.375
4 0.0275 0.3075 0.055 0.615
4 0.7925 0.0275 0.315 0.055
4 0.015 0.79 0.03 0.29
4 0.7675 0.06 0.395 0.12
4 0.0875 0.065 0.175 0.13
4 0.97 0.8625 0.06 0.265
0 0.345 0.0275 0.69 0.055
4 0.635 0.955 0.42 0.09
4 0.0575 0.37 0.115 0.71
4 0.6175 0.6325 0.245 0.355
4 0.0375 0.56 0.075 0.57
1 0.095 0.295 0.19 0.59
4 0.72 0.585 0.26 0.38
4 0.27 0.975 0.44 0.05
4 0.05 0.935 0.1 0.13
0 0.355 0.055 0.71 0.11
4 0.94 0.92 0.12 0.16
4 0.05 0.74 0.1 0.44
4 0.0475 0.1925 0.095 0.385
4 0.1125 0.8525 0.225 0.295
4 0.665 0.8625 0.31 0.265
4 0.9425 0.5925 0.115 0.405
0 0.4625 0.2475 0.255 0.305
4 0.24 0.045 0.48 0.09
4 0.175 0.025 0.35 0.05
4 0.0275 0.69 0.055 0.41
4 0.72 0.925 0.25 0.15
4 0.135 0.975 0.27 0.05
4 0.9025 0.6625 0.195 0.495
4 0.03 0.8325 0.06 0.325
4 0.12 0.945 0.24 0.11
4 0.9575 0.7925 0.085 0.415
4 0.0575 0.87 0.115 0.26
4 0.15 0.0875 0.3 0.175
4 0.0975 0.1575 0.195 0.315
4 0.685 0.72 0.32 0.51
4 0.77 0.12 0.29 0.24
