4 0.98 0.63 0.04 0.32
4 0.0325 0.9175 0.065 0.155
4 0.985 0.7275 0.03 0.315
4 0.52 0.055 0.6 0.11
4 0.8775 0.0525 0.245 0.105
1 0.61 0.0575 0.15 0.095
4 0.3675 0.755 0.275 0.49
4 0.9375 0.935 0.125 0.13
1 0.6 0.0625 0.3 0.125
4 0.9825 0.23 0.035 0.27
4 0.96 0.1525 0.08 0.305
4 0.9575 0.3975 0.085 0.655
4 0.5075 0.0275 0.535 0.055
4 0.9625 0.8925 0.075 0.215
4 0.3625 0.45 0.455 0.42
4 0.95 0.635 0.1 0.37
4 0.9725 0.545 0.055 0.56
4 0.045 0.8725 0.09 0.255
4 0.4125 0.48 0.365 0.84
4 0.97 0.7225 0.06 0.435
4 0.9725 0.24 0.055 0.39
4 0.945 0.8 0.11 0.39
4 0.3425 0.2975 0.475 0.415
4 0.3425 0.8875 0.285 0.225
4 0.425 0.63 0.36 0.35
