5 0.56 0.05 0.75 0.1
4 0.0425 0.095 0.085 0.19
4 0.8675 0.41 0.255 0.82
4 0.225 0.095 0.38 0.19
1 0.8925 0.2575 0.215 0.465
4 0.875 0.8825 0.25 0.235
4 0.8725 0.0225 0.215 0.045
4 0.155 0.06 0.31 0.12
4 0.025 0.4375 0.05 0.565
4 0.725 0.0775 0.42 0.145
5 0.54 0.235 0.13 0.18
4 0.42 0.975 0.6 0.05
4 0.1025 0.96 0.165 0.08
4 0.9375 0.94 0.125 0.12
4 0.185 0.9725 0.37 0.055
4 0.4 0.0225 0.55 0.045
4 0.0575 0.935 0.115 0.11
4 0.9725 0.615 0.055 0.38
4 0.9425 0.455 0.115 0.63
4 0.0875 0.1225 0.175 0.245
4 0.9725 0.825 0.055 0.35
4 0.945 0.6675 0.11 0.405
4 0.7 0.0425 0.34 0.075
4 0.44 0.915 0.69 0.17
4 0.05 0.225 0.1 0.43
4 0.2425 0.8525 0.485 0.265
4 0.725 0.965 0.39 0.07
5 0.52 0.9175 0.85 0.165
4 0.325 0.93 0.34 0.14
4 0.0325 0.655 0.065 0.39
4 0.065 0.06 0.13 0.12
4 0.0275 0.8125 0.055 0.375
4 0.94 0.8425 0.12 0.315
4 0.87 0.7675 0.26 0.375
4 0.115 0.9375 0.23 0.125
4 0.055 0.74 0.11 0.47
4 0.03 0.1675 0.06 0.325
5 0.085 0.925 0.14 0.13
4 0.07 0.8775 0.14 0.245
4 0.895 0.0425 0.21 0.075
4 0.8475 0.97 0.295 0.06
4 0.635 0.9425 0.56 0.115
4 0.8075 0.0325 0.255 0.065
4 0.805 0.945 0.36 0.11
4 0.8075 0.0475 0.385 0.095
4 0.8275 0.7075 0.305 0.155
4 0.22 0.91 0.38 0.18
4 0.835 0.2275 0.33 0.435
