4 0.6325 0.0775 0.365 0.155
4 0.97 0.86 0.06 0.24
4 0.9525 0.0525 0.095 0.085
2 0.345 0.4175 0.37 0.835
4 0.36 0.0775 0.25 0.155
4 0.6225 0.875 0.305 0.25
1 0.9425 0.8525 0.105 0.285
4 0.705 0.3425 0.28 0.665
4 0.915 0.6275 0.17 0.605
4 0.04 0.06 0.08 0.12
4 0.0425 0.1175 0.085 0.235
1 0.8175 0.03 0.205 0.06
4 0.6525 0.03 0.365 0.06
4 0.4525 0.975 0.515 0.05
1 0.025 0.6325 0.05 0.625
4 0.9175 0.915 0.165 0.17
4 0.8275 0.03 0.305 0.06
4 0.67 0.94 0.62 0.12
4 0.96 0.0825 0.07 0.165
4 0.7075 0.975 0.535 0.05
5 0.94 0.2975 0.12 0.555
4 0.88 0.85 0.24 0.3
4 0.17 0.0275 0.34 0.055
4 0.8375 0.135 0.315 0.26
4 0.9575 0.7075 0.085 0.535
4 0.87 0.0575 0.26 0.115
4 0.025 0.5275 0.05 0.605
1 0.7325 0.3425 0.265 0.655
4 0.025 0.85 0.05 0.28
4 0.7475 0.04 0.205 0.08
4 0.8075 0.9575 0.385 0.085
4 0.2225 0.0475 0.295 0.095
4 0.94 0.53 0.12 0.24
1 0.31 0.075 0.13 0.14
4 0.9475 0.85 0.105 0.3
4 0.295 0.0675 0.15 0.135
4 0.945 0.13 0.11 0.26
4 0.7425 0.85 0.475 0.28
4 0.7275 0.055 0.335 0.11
4 0.77 0.7025 0.41 0.475
4 0.815 0.9075 0.35 0.185
4 0.7775 0.5525 0.375 0.225
4 0.7075 0.15 0.285 0.28
