4 0.9875 0.435 0.025 0.4
4 0.0225 0.0775 0.045 0.145
4 0.49 0.9775 0.42 0.045
4 0.275 0.0575 0.55 0.115
4 0.0425 0.24 0.085 0.46
1 0.345 0.345 0.25 0.66
4 0.435 0.935 0.32 0.13
4 0.0275 0.85 0.055 0.28
4 0.8275 0.0275 0.345 0.055
4 0.55 0.2925 0.37 0.555
4 0.3875 0.1 0.385 0.2
4 0.025 0.3825 0.05 0.445
4 0.975 0.29 0.05 0.52
4 0.45 0.06 0.37 0.12
1 0.1725 0.4375 0.145 0.385
4 0.03 0.1475 0.06 0.295
4 0.5075 0.025 0.475 0.05
4 0.965 0.455 0.07 0.54
4 0.0475 0.065 0.085 0.13
4 0.985 0.54 0.03 0.24
4 0.06 0.8675 0.12 0.255
4 0.42 0.8425 0.36 0.315
4 0.5675 0.4025 0.155 0.165
4 0.9725 0.6875 0.055 0.585
4 0.0975 0.07 0.195 0.14
4 0.7475 0.04 0.225 0.08
4 0.5375 0.1525 0.455 0.285
4 0.0625 0.12 0.125 0.24
4 0.5925 0.045 0.505 0.09
4 0.975 0.4925 0.05 0.305
4 0.425 0.5225 0.54 0.385
4 0.4575 0.1475 0.265 0.205
4 0.455 0.695 0.39 0.6
