5 0.7075 0.1925 0.205 0.355
1 0.42 0.88 0.35 0.24
4 0.9475 0.6575 0.105 0.625
4 0.0625 0.23 0.125 0.33
4 0.0925 0.9575 0.185 0.085
4 0.9725 0.78 0.055 0.41
4 0.4525 0.0475 0.495 0.095
1 0.1975 0.3375 0.225 0.335
4 0.1 0.04 0.2 0.08
4 0.5875 0.07 0.335 0.14
4 0.0275 0.725 0.055 0.45
1 0.4175 0.16 0.175 0.29
4 0.0875 0.5225 0.175 0.355
4 0.8825 0.92 0.215 0.16
4 0.2475 0.9675 0.495 0.065
4 0.0925 0.13 0.185 0.26
4 0.1975 0.6275 0.395 0.205
4 0.0625 0.08 0.125 0.16
4 0.105 0.8175 0.21 0.175
4 0.77 0.08 0.43 0.16
1 0.525 0.2175 0.35 0.435
4 0.4875 0.04 0.275 0.08
4 0.9725 0.5775 0.055 0.585
4 0.865 0.1875 0.26 0.345
4 0.8275 0.045 0.345 0.09
4 0.97 0.1325 0.06 0.255
4 0.9575 0.4725 0.085 0.505
4 0.2625 0.0425 0.165 0.075
4 0.0575 0.81 0.115 0.31
4 0.1175 0.66 0.225 0.41
4 0.9725 0.3125 0.055 0.585
4 0.1825 0.03 0.295 0.06
4 0.955 0.8675 0.09 0.265
4 0.8825 0.095 0.235 0.19
4 0.72 0.02 0.42 0.04
4 0.45 0.92 0.33 0.16
1 0.2725 0.04 0.155 0.08
1 0.6325 0.1675 0.255 0.335
4 0.5775 0.03 0.325 0.06
4 0.065 0.6225 0.13 0.305
4 0.835 0.3325 0.33 0.565
4 0.7 0.1675 0.3 0.335
4 0.1275 0.94 0.255 0.12
4 0.9175 0.2975 0.165 0.585
4 0.265 0.8425 0.53 0.235
4 0.04 0.8675 0.08 0.225
4 0.9375 0.1625 0.125 0.325
4 0.685 0.0425 0.45 0.085
4 0.315 0.9425 0.36 0.115
4 0.1625 0.06 0.325 0.12
4 0.0875 0.8825 0.175 0.225
4 0.23 0.6975 0.45 0.385
4 0.235 0.9125 0.46 0.175
4 0.2525 0.5675 0.385 0.225
4 0.795 0.2025 0.28 0.235
4 0.175 0.1675 0.29 0.295
