4 0.3375 0.05 0.375 0.1
4 0.9775 0.7375 0.045 0.495
4 0.5475 0.8275 0.385 0.345
4 0.3375 0.26 0.325 0.51
4 0.9375 0.2675 0.125 0.465
4 0.96 0.6475 0.08 0.455
4 0.865 0.0275 0.27 0.055
4 0.98 0.45 0.04 0.37
4 0.9575 0.055 0.075 0.11
4 0.47 0.97 0.3 0.06
4 0.025 0.5975 0.05 0.575
4 0.96 0.4925 0.08 0.385
4 0.63 0.0225 0.44 0.045
4 0.525 0.6925 0.27 0.535
5 0.7725 0.66 0.155 0.61
4 0.2925 0.025 0.325 0.05
4 0.895 0.3375 0.21 0.295
4 0.2925 0.97 0.395 0.06
4 0.415 0.16 0.37 0.31
2 0.1875 0.6375 0.275 0.625
4 0.575 0.08 0.3 0.16
1 0.7925 0.6175 0.145 0.555
4 0.4825 0.06 0.295 0.12
4 0.5975 0.9675 0.385 0.065
4 0.735 0.915 0.36 0.17
1 0.555 0.6875 0.22 0.485
4 0.305 0.13 0.28 0.26
4 0.9475 0.12 0.105 0.24
4 0.52 0.135 0.25 0.27
4 0.92 0.065 0.16 0.13
4 0.975 0.5625 0.05 0.295
4 0.38 0.9475 0.36 0.105
4 0.5275 0.945 0.375 0.11
4 0.485 0.2725 0.32 0.475
4 0.6 0.9025 0.39 0.195
4 0.5275 0.515 0.315 0.3
4 0.5975 0.1825 0.285 0.255
