4 0.5975 0.025 0.425 0.05
4 0.0475 0.845 0.095 0.28
1 0.155 0.1825 0.28 0.365
4 0.4175 0.0275 0.355 0.055
4 0.975 0.335 0.05 0.67
4 0.0875 0.3 0.175 0.55
4 0.1925 0.315 0.335 0.63
4 0.0275 0.4025 0.055 0.415
4 0.06 0.5425 0.12 0.225
4 0.155 0.425 0.28 0.36
4 0.03 0.1675 0.06 0.305
4 0.125 0.065 0.24 0.13
4 0.275 0.03 0.4 0.06
1 0.1525 0.0625 0.265 0.125
4 0.4175 0.0925 0.295 0.185
4 0.165 0.1625 0.28 0.315
4 0.265 0.0625 0.42 0.125
4 0.055 0.1175 0.11 0.235
4 0.045 0.31 0.08 0.59
4 0.08 0.45 0.16 0.3
4 0.22 0.8075 0.3 0.385
4 0.3125 0.1575 0.235 0.295
