4 0.26 0.9775 0.51 0.045
4 0.985 0.3275 0.03 0.325
4 0.0425 0.7825 0.085 0.425
4 0.065 0.9575 0.13 0.085
4 0.4875 0.0225 0.435 0.045
4 0.9625 0.5075 0.075 0.505
4 0.0325 0.94 0.065 0.12
4 0.635 0.13 0.26 0.13
4 0.96 0.7575 0.08 0.445
4 0.9775 0.33 0.045 0.6
4 0.115 0.9475 0.23 0.105
4 0.985 0.6125 0.03 0.405
4 0.7975 0.0875 0.395 0.175
4 0.06 0.8825 0.12 0.225
4 0.03 0.865 0.06 0.27
4 0.975 0.6725 0.05 0.455
4 0.685 0.085 0.2 0.17
4 0.38 0.135 0.26 0.24
4 0.685 0.1325 0.14 0.095
4 0.5125 0.1525 0.525 0.225
4 0.3125 0.49 0.185 0.15
