4 0.2225 0.9575 0.365 0.085
1 0.2425 0.815 0.205 0.28
4 0.02 0.44 0.04 0.36
1 0.6225 0.84 0.225 0.3
4 0.96 0.4725 0.08 0.645
1 0.265 0.62 0.2 0.67
4 0.23 0.78 0.23 0.37
4 0.405 0.8625 0.38 0.275
1 0.96 0.53 0.07 0.49
4 0.9675 0.0775 0.065 0.155
4 0.365 0.0275 0.4 0.055
4 0.925 0.715 0.15 0.57
4 0.0925 0.0425 0.175 0.075
2 0.03 0.8525 0.06 0.265
4 0.815 0.9425 0.36 0.115
4 0.34 0.12 0.35 0.24
1 0.9225 0.87 0.155 0.26
4 0.7875 0.0275 0.425 0.055
4 0.14 0.975 0.28 0.05
4 0.0225 0.0825 0.045 0.155
4 0.5075 0.9725 0.385 0.055
4 0.9025 0.065 0.195 0.13
4 0.305 0.9125 0.33 0.175
1 0.955 0.3275 0.09 0.635
2 0.55 0.8125 0.39 0.375
4 0.2625 0.24 0.265 0.47
4 0.0275 0.7075 0.055 0.485
4 0.1225 0.1525 0.245 0.285
4 0.0525 0.445 0.105 0.43
4 0.6175 0.03 0.435 0.06
4 0.945 0.1175 0.11 0.235
4 0.555 0.9475 0.44 0.105
4 0.275 0.0425 0.34 0.085
4 0.03 0.2025 0.06 0.395
4 0.0575 0.7425 0.115 0.455
2 0.1275 0.815 0.255 0.37
4 0.0525 0.2675 0.105 0.415
4 0.79 0.0625 0.42 0.125
4 0.975 0.6525 0.05 0.565
1 0.97 0.7 0.05 0.49
4 0.375 0.9425 0.29 0.115
4 0.9175 0.9375 0.155 0.125
4 0.0925 0.895 0.185 0.21
4 0.4825 0.125 0.415 0.25
4 0.6 0.2675 0.3 0.505
4 0.045 0.8675 0.09 0.265
4 0.485 0.06 0.45 0.12
2 0.305 0.8575 0.27 0.285
4 0.1575 0.84 0.315 0.31
4 0.205 0.025 0.32 0.05
4 0.03 0.365 0.06 0.37
4 0.6875 0.4475 0.455 0.205
4 0.1225 0.945 0.245 0.11
4 0.31 0.82 0.27 0.33
4 0.0475 0.065 0.085 0.13
1 0.9225 0.595 0.155 0.77
1 0.965 0.83 0.07 0.34
2 0.0625 0.8375 0.125 0.315
4 0.23 0.0975 0.28 0.195
4 0.63 0.1425 0.32 0.275
2 0.935 0.805 0.13 0.39
4 0.9525 0.7825 0.095 0.405
4 0.1275 0.06 0.255 0.12
4 0.055 0.115 0.11 0.23
2 0.385 0.7975 0.37 0.355
1 0.945 0.7375 0.11 0.515
4 0.66 0.0675 0.3 0.135
4 0.635 0.37 0.54 0.32
