5 0.0275 0.88 0.055 0.24
4 0.975 0.31 0.05 0.51
4 0.0275 0.2925 0.055 0.405
2 0.2025 0.975 0.395 0.05
4 0.96 0.065 0.06 0.13
1 0.85 0.4675 0.16 0.415
4 0.86 0.0275 0.28 0.055
2 0.7575 0.2875 0.485 0.575
1 0.1925 0.1625 0.245 0.315
4 0.88 0.0625 0.24 0.125
4 0.23 0.055 0.35 0.11
4 0.025 0.84 0.05 0.32
4 0.6475 0.1475 0.555 0.235
4 0.2925 0.025 0.475 0.05
4 0.75 0.0875 0.5 0.175
4 0.62 0.9475 0.35 0.105
1 0.8675 0.5425 0.205 0.765
4 0.055 0.115 0.11 0.23
4 0.9725 0.115 0.055 0.23
4 0.0225 0.51 0.045 0.45
2 0.1575 0.9475 0.315 0.105
4 0.6675 0.045 0.495 0.09
4 0.9825 0.7525 0.035 0.265
4 0.625 0.8725 0.29 0.255
4 0.96 0.825 0.08 0.35
4 0.94 0.0825 0.12 0.165
4 0.545 0.315 0.33 0.46
4 0.45 0.0625 0.46 0.125
4 0.4725 0.0275 0.445 0.055
4 0.975 0.7425 0.05 0.365
4 0.55 0.095 0.43 0.19
4 0.5375 0.7325 0.335 0.335
4 0.5425 0.5475 0.315 0.725
