4 0.975 0.345 0.05 0.59
4 0.2 0.595 0.39 0.24
4 0.205 0.2275 0.33 0.445
4 0.1575 0.9375 0.315 0.125
4 0.15 0.8425 0.29 0.315
1 0.2375 0.34 0.315 0.65
4 0.05 0.9375 0.1 0.125
1 0.78 0.19 0.14 0.3
4 0.3075 0.05 0.315 0.09
4 0.3725 0.5925 0.365 0.305
5 0.4075 0.9425 0.745 0.115
4 0.5575 0.98 0.645 0.04
4 0.045 0.3525 0.09 0.535
1 0.6475 0.8875 0.115 0.125
4 0.895 0.5625 0.2 0.365
4 0.2675 0.6925 0.385 0.495
5 0.5075 0.895 0.765 0.18
4 0.945 0.8425 0.11 0.265
1 0.21 0.165 0.24 0.3
4 0.0275 0.725 0.055 0.47
4 0.8 0.19 0.17 0.3
4 0.945 0.12 0.11 0.24
4 0.0475 0.65 0.095 0.52
4 0.0775 0.5525 0.155 0.435
4 0.175 0.1 0.32 0.19
4 0.0325 0.865 0.065 0.27
4 0.1925 0.97 0.385 0.06
4 0.2725 0.905 0.545 0.16
4 0.8675 0.94 0.265 0.12
4 0.5275 0.04 0.585 0.08
4 0.2725 0.955 0.445 0.09
4 0.345 0.03 0.42 0.06
4 0.65 0.0275 0.38 0.055
4 0.095 0.9075 0.19 0.185
4 0.0875 0.7375 0.175 0.525
4 0.3625 0.075 0.455 0.15
4 0.865 0.24 0.27 0.45
2 0.0575 0.4875 0.115 0.325
4 0.8 0.5325 0.34 0.355
4 0.355 0.4025 0.41 0.675
4 0.2775 0.595 0.275 0.17
4 0.0625 0.84 0.125 0.31
4 0.055 0.4525 0.11 0.265
5 0.3675 0.885 0.645 0.12
4 0.8375 0.8825 0.315 0.235
4 0.265 0.1225 0.29 0.245
4 0.3325 0.2025 0.365 0.395
4 0.8325 0.6925 0.325 0.615
4 0.4075 0.4675 0.275 0.435
