1 0.5225 0.03 0.205 0.06
4 0.6825 0.915 0.345 0.17
4 0.92 0.94 0.16 0.12
4 0.0525 0.67 0.105 0.46
4 0.9775 0.165 0.045 0.31
4 0.4375 0.29 0.245 0.39
4 0.09 0.0675 0.18 0.135
4 0.1275 0.9475 0.255 0.105
4 0.3675 0.03 0.405 0.06
4 0.88 0.0975 0.24 0.195
2 0.78 0.18 0.42 0.36
1 0.67 0.1475 0.21 0.285
4 0.6725 0.025 0.385 0.05
4 0.9425 0.875 0.115 0.24
4 0.895 0.0475 0.21 0.095
4 0.0525 0.265 0.105 0.52
4 0.42 0.975 0.54 0.05
4 0.74 0.0475 0.46 0.095
1 0.025 0.0575 0.05 0.105
4 0.5025 0.04 0.235 0.08
4 0.34 0.8775 0.23 0.245
4 0.2075 0.9725 0.415 0.055
4 0.0575 0.84 0.115 0.31
4 0.385 0.905 0.47 0.19
4 0.0275 0.725 0.055 0.51
4 0.55 0.9575 0.44 0.085
1 0.445 0.3475 0.27 0.695
4 0.95 0.4775 0.1 0.275
4 0.9075 0.1625 0.185 0.325
4 0.03 0.165 0.06 0.33
4 0.0325 0.085 0.065 0.15
4 0.81 0.03 0.38 0.06
4 0.4825 0.85 0.485 0.25
4 0.805 0.1575 0.39 0.315
1 0.0375 0.085 0.075 0.15
4 0.435 0.0575 0.32 0.115
4 0.9475 0.335 0.105 0.51
4 0.5075 0.7025 0.415 0.485
4 0.9525 0.17 0.095 0.34
4 0.5475 0.91 0.355 0.18
4 0.505 0.55 0.38 0.22
4 0.4275 0.15 0.285 0.28
