4 0.775 0.05 0.45 0.1
4 0.025 0.6 0.05 0.63
4 0.675 0.87 0.29 0.26
4 0.985 0.3175 0.03 0.355
4 0.3 0.375 0.33 0.72
5 0.5525 0.8 0.645 0.28
4 0.3125 0.8525 0.415 0.285
4 0.0575 0.5975 0.115 0.575
4 0.9475 0.8425 0.105 0.305
4 0.305 0.125 0.3 0.25
4 0.84 0.975 0.32 0.05
4 0.115 0.0525 0.23 0.105
4 0.95 0.3775 0.1 0.705
4 0.1625 0.025 0.325 0.05
4 0.9775 0.1025 0.045 0.195
4 0.55 0.8975 0.72 0.195
4 0.9575 0.63 0.085 0.74
4 0.755 0.025 0.37 0.05
5 0.095 0.03 0.19 0.06
4 0.265 0.695 0.4 0.42
4 0.34 0.055 0.35 0.11
4 0.9 0.905 0.2 0.19
4 0.3775 0.55 0.215 0.42
4 0.9725 0.74 0.055 0.52
4 0.275 0.9725 0.37 0.055
4 0.03 0.85 0.06 0.3
4 0.3625 0.025 0.355 0.05
4 0.38 0.6875 0.16 0.165
4 0.9225 0.195 0.155 0.38
4 0.7025 0.6325 0.165 0.415
4 0.19 0.8075 0.36 0.385
4 0.975 0.5225 0.05 0.525
4 0.75 0.3 0.27 0.58
4 0.19 0.955 0.33 0.09
4 0.8525 0.0875 0.295 0.175
4 0.84 0.9425 0.32 0.115
4 0.04 0.7275 0.08 0.525
4 0.1275 0.6175 0.215 0.385
4 0.9575 0.0575 0.075 0.115
4 0.8825 0.03 0.235 0.06
5 0.4025 0.8 0.335 0.23
4 0.065 0.9375 0.13 0.125
4 0.3375 0.77 0.285 0.31
4 0.9725 0.29 0.055 0.56
4 0.3325 0.925 0.375 0.15
4 0.8075 0.8725 0.385 0.255
4 0.1275 0.8875 0.255 0.225
2 0.3625 0.905 0.385 0.19
4 0.92 0.065 0.16 0.13
4 0.065 0.8275 0.13 0.335
4 0.9475 0.1175 0.105 0.235
4 0.1275 0.5625 0.175 0.185
4 0.7025 0.46 0.225 0.73
4 0.095 0.735 0.19 0.51
4 0.23 0.9075 0.32 0.185
4 0.31 0.235 0.31 0.33
