4 0.18 0.025 0.36 0.05
4 0.5775 0.865 0.255 0.27
4 0.7725 0.48 0.295 0.26
1 0.5275 0.9425 0.205 0.115
4 0.51 0.975 0.29 0.05
2 0.1175 0.915 0.235 0.17
4 0.9125 0.1175 0.175 0.235
1 0.3725 0.7675 0.195 0.425
4 0.1975 0.09 0.355 0.18
4 0.0325 0.9225 0.065 0.155
4 0.0275 0.7825 0.055 0.395
4 0.8775 0.0275 0.245 0.055
4 0.065 0.0625 0.13 0.125
4 0.0625 0.9375 0.125 0.125
4 0.8825 0.4575 0.165 0.135
1 0.5225 0.87 0.205 0.26
4 0.9725 0.115 0.055 0.23
4 0.305 0.0675 0.28 0.135
4 0.045 0.8675 0.09 0.265
4 0.555 0.95 0.28 0.1
4 0.6525 0.79 0.155 0.14
4 0.7575 0.0275 0.365 0.055
2 0.1175 0.365 0.235 0.58
4 0.8725 0.06 0.255 0.12
4 0.6375 0.6025 0.265 0.465
