1 0.4775 0.8025 0.165 0.385
1 0.38 0.19 0.17 0.31
4 0.06 0.555 0.12 0.43
4 0.1125 0.76 0.215 0.47
4 0.115 0.975 0.23 0.05
4 0.03 0.6875 0.06 0.345
4 0.0275 0.8475 0.055 0.305
4 0.47 0.0225 0.49 0.045
4 0.87 0.0475 0.26 0.095
4 0.3325 0.6375 0.565 0.235
4 0.345 0.04 0.33 0.08
4 0.9525 0.0425 0.085 0.075
4 0.025 0.3875 0.05 0.425
4 0.0575 0.885 0.115 0.23
5 0.33 0.96 0.66 0.08
4 0.82 0.085 0.36 0.17
5 0.31 0.6175 0.49 0.205
4 0.8075 0.78 0.385 0.4
4 0.045 0.775 0.09 0.45
4 0.5525 0.4875 0.245 0.285
4 0.74 0.9725 0.51 0.055
4 0.87 0.4225 0.26 0.845
4 0.895 0.6925 0.21 0.615
5 0.19 0.9775 0.38 0.045
4 0.9375 0.1675 0.125 0.335
2 0.1125 0.7925 0.225 0.415
4 0.6975 0.53 0.605 0.37
4 0.26 0.025 0.41 0.05
4 0.8375 0.9375 0.315 0.125
1 0.0875 0.7875 0.175 0.415
4 0.4925 0.9475 0.365 0.105
4 0.96 0.075 0.08 0.14
4 0.595 0.935 0.24 0.13
4 0.5275 0.56 0.185 0.25
4 0.56 0.97 0.32 0.06
4 0.7675 0.9025 0.465 0.195
4 0.345 0.0175 0.3 0.035
4 0.08 0.69 0.15 0.3
2 0.3525 0.5375 0.475 0.325
4 0.92 0.0825 0.16 0.165
4 0.3675 0.5475 0.455 0.315
4 0.83 0.5925 0.34 0.445
4 0.875 0.8425 0.24 0.305
4 0.8975 0.225 0.205 0.43
