4 0.805 0.1225 0.38 0.245
4 0.955 0.2925 0.09 0.525
4 0.1825 0.0275 0.365 0.055
4 0.0525 0.8825 0.105 0.235
4 0.2825 0.96 0.565 0.08
4 0.0425 0.75 0.085 0.5
4 0.2225 0.91 0.445 0.18
4 0.92 0.0625 0.16 0.125
0 0.435 0.04 0.61 0.08
4 0.1775 0.815 0.355 0.37
4 0.025 0.1525 0.05 0.265
4 0.04 0.0575 0.08 0.115
4 0.045 0.4175 0.09 0.405
4 0.095 0.06 0.19 0.12
4 0.52 0.0275 0.54 0.055
4 0.8525 0.2975 0.295 0.485
4 0.93 0.41 0.14 0.63
5 0.4375 0.03 0.545 0.06
4 0.945 0.1225 0.11 0.245
4 0.7375 0.2025 0.335 0.365
4 0.085 0.9225 0.17 0.155
4 0.7725 0.03 0.295 0.06
4 0.8275 0.575 0.345 0.59
4 0.0275 0.2575 0.055 0.315
4 0.59 0.05 0.55 0.1
4 0.1825 0.975 0.335 0.05
4 0.0575 0.59 0.115 0.65
4 0.105 0.73 0.2 0.54
4 0.7 0.0425 0.24 0.085
4 0.1525 0.945 0.305 0.11
4 0.805 0.0525 0.37 0.105
4 0.775 0.3775 0.41 0.735
4 0.775 0.9125 0.32 0.175
4 0.885 0.4825 0.23 0.385
4 0.1125 0.375 0.225 0.32
4 0.1175 0.875 0.235 0.25
4 0.1225 0.55 0.245 0.62
4 0.7625 0.7075 0.355 0.515
