4 0.2075 0.905 0.415 0.19
1 0.6375 0.7275 0.115 0.205
4 0.6675 0.025 0.365 0.05
4 0.1275 0.3875 0.185 0.255
4 0.2225 0.06 0.345 0.12
4 0.92 0.065 0.16 0.13
4 0.8425 0.0525 0.315 0.105
4 0.0225 0.565 0.045 0.32
4 0.9725 0.2625 0.055 0.525
4 0.085 0.4825 0.17 0.425
4 0.295 0.9725 0.54 0.055
4 0.1 0.3425 0.2 0.145
1 0.1675 0.24 0.235 0.4
4 0.9475 0.1175 0.105 0.235
4 0.435 0.905 0.37 0.19
4 0.96 0.7075 0.08 0.585
4 0.46 0.04 0.2 0.08
4 0.1625 0.0275 0.325 0.055
4 0.045 0.26 0.09 0.37
4 0.165 0.1 0.31 0.2
4 0.0675 0.1225 0.135 0.245
4 0.1225 0.055 0.245 0.11
4 0.37 0.0525 0.39 0.105
4 0.96 0.8675 0.08 0.265
4 0.12 0.2 0.24 0.4
4 0.09 0.3025 0.18 0.305
4 0.7925 0.025 0.305 0.05
4 0.3025 0.94 0.465 0.12
4 0.235 0.38 0.46 0.23
4 0.2925 0.0275 0.425 0.055
4 0.0625 0.9375 0.125 0.125
4 0.9725 0.7775 0.055 0.395
4 0.065 0.3725 0.13 0.235
4 0.3325 0.5225 0.335 0.345
4 0.3525 0.8475 0.445 0.295
4 0.2925 0.235 0.395 0.42
4 0.2925 0.1025 0.375 0.205
4 0.3475 0.6875 0.375 0.625
