4 0.0225 0.9175 0.045 0.145
4 0.9025 0.4375 0.185 0.685
4 0.69 0.9225 0.47 0.155
4 0.02 0.235 0.04 0.33
4 0.175 0.6325 0.35 0.375
4 0.9575 0.7425 0.085 0.415
4 0.055 0.2275 0.11 0.375
4 0.0925 0.9175 0.185 0.165
4 0.025 0.545 0.05 0.39
4 0.3425 0.025 0.565 0.05
4 0.3325 0.5675 0.165 0.145
4 0.22 0.825 0.2 0.26
4 0.1875 0.975 0.315 0.05
4 0.5825 0.06 0.405 0.12
2 0.445 0.0875 0.68 0.175
4 0.755 0.0275 0.42 0.055
4 0.0425 0.92 0.085 0.16
4 0.33 0.0725 0.57 0.145
4 0.03 0.8325 0.06 0.335
4 0.19 0.1975 0.33 0.395
4 0.58 0.0275 0.44 0.055
4 0.875 0.7725 0.24 0.455
4 0.92 0.9375 0.16 0.125
4 0.245 0.1025 0.29 0.175
4 0.22 0.0325 0.3 0.065
4 0.11 0.03 0.22 0.06
4 0.7225 0.06 0.345 0.12
4 0.29 0.0475 0.37 0.095
4 0.2275 0.89 0.275 0.22
4 0.03 0.155 0.06 0.31
4 0.94 0.8425 0.12 0.305
4 0.0575 0.87 0.115 0.25
4 0.1325 0.115 0.255 0.23
4 0.16 0.945 0.32 0.11
5 0.19 0.33 0.21 0.11
4 0.7925 0.97 0.375 0.06
4 0.04 0.065 0.07 0.13
4 0.6575 0.2675 0.275 0.535
4 0.2 0.795 0.28 0.41
4 0.085 0.0625 0.17 0.125
4 0.06 0.115 0.12 0.23
4 0.825 0.94 0.35 0.12
4 0.7575 0.3775 0.485 0.485
4 0.7775 0.69 0.445 0.57
4 0.8 0.8775 0.39 0.245
4 0.1825 0.0625 0.355 0.125
4 0.6525 0.0975 0.225 0.195
4 0.2675 0.7125 0.265 0.405
