4 0.6875 0.905 0.345 0.19
4 0.9625 0.04 0.065 0.08
4 0.9675 0.6475 0.055 0.465
1 0.7775 0.685 0.195 0.63
4 0.88 0.9025 0.24 0.195
4 0.9775 0.35 0.045 0.66
4 0.6575 0.085 0.355 0.17
4 0.8775 0.09 0.245 0.18
4 0.9725 0.17 0.055 0.34
4 0.4375 0.025 0.505 0.05
4 0.4175 0.1675 0.275 0.335
4 0.86 0.025 0.28 0.05
4 0.9475 0.4725 0.105 0.435
4 0.3525 0.3875 0.185 0.185
4 0.555 0.94 0.48 0.12
4 0.51 0.0475 0.45 0.095
4 0.735 0.03 0.32 0.06
4 0.9675 0.0825 0.065 0.165
4 0.1675 0.0275 0.335 0.055
4 0.595 0.0275 0.37 0.055
4 0.305 0.05 0.4 0.1
4 0.2825 0.03 0.295 0.06
4 0.805 0.055 0.39 0.11
4 0.94 0.05 0.12 0.1
4 0.95 0.105 0.1 0.21
4 0.685 0.05 0.24 0.1
4 0.9475 0.69 0.105 0.55
4 0.9675 0.4925 0.065 0.335
4 0.5275 0.3675 0.395 0.255
4 0.5975 0.845 0.445 0.31
4 0.5675 0.52 0.305 0.33
4 0.5075 0.2375 0.405 0.425
4 0.5225 0.095 0.375 0.19
4 0.58 0.6875 0.38 0.625
