4 0.155 0.0275 0.31 0.055
4 0.4325 0.9775 0.395 0.045
4 0.085 0.77 0.15 0.31
4 0.0275 0.345 0.055 0.59
4 0.035 0.0525 0.07 0.095
4 0.07 0.6325 0.14 0.645
4 0.9375 0.94 0.125 0.12
4 0.96 0.8625 0.08 0.275
4 0.4675 0.0275 0.325 0.055
4 0.0225 0.1375 0.045 0.265
4 0.025 0.565 0.05 0.52
4 0.3975 0.4025 0.245 0.685
4 0.15 0.0925 0.29 0.185
4 0.385 0.0775 0.22 0.155
4 0.3325 0.03 0.345 0.06
4 0.0675 0.0325 0.135 0.065
4 0.365 0.9575 0.4 0.085
4 0.2675 0.05 0.485 0.1
4 0.025 0.81 0.05 0.21
4 0.03 0.8725 0.06 0.255
4 0.055 0.2925 0.11 0.585
4 0.0925 0.1825 0.185 0.365
4 0.0475 0.07 0.095 0.14
4 0.3675 0.6925 0.305 0.615
4 0.035 0.19 0.07 0.38
4 0.03 0.7575 0.06 0.365
4 0.065 0.87 0.13 0.25
4 0.095 0.055 0.19 0.11
4 0.39 0.04 0.18 0.08
4 0.055 0.705 0.11 0.36
4 0.06 0.1275 0.12 0.255
4 0.3425 0.8375 0.455 0.325
4 0.37 0.605 0.21 0.22
4 0.3825 0.2925 0.275 0.325
