4 0.0775 0.1025 0.155 0.205
4 0.02 0.0825 0.04 0.165
1 0.975 0.58 0.05 0.69
4 0.815 0.97 0.37 0.06
2 0.37 0.6375 0.26 0.645
4 0.6 0.08 0.3 0.16
4 0.9 0.9175 0.2 0.165
4 0.745 0.8275 0.36 0.345
4 0.0325 0.415 0.065 0.29
4 0.7925 0.025 0.395 0.05
1 0.94 0.5075 0.11 0.485
4 0.6725 0.9225 0.365 0.155
4 0.5925 0.165 0.355 0.31
4 0.025 0.815 0.05 0.36
4 0.4375 0.9725 0.355 0.055
4 0.7075 0.69 0.275 0.54
4 0.695 0.06 0.29 0.12
1 0.735 0.69 0.24 0.5
4 0.4925 0.95 0.385 0.1
4 0.0275 0.1375 0.055 0.275
4 0.485 0.1375 0.27 0.265
4 0.0275 0.3125 0.055 0.345
4 0.6975 0.135 0.245 0.27
4 0.6175 0.955 0.355 0.09
4 0.9375 0.8825 0.125 0.225
4 0.665 0.27 0.29 0.47
4 0.745 0.95 0.35 0.1
4 0.05 0.1875 0.1 0.355
4 0.795 0.9075 0.39 0.185
4 0.71 0.5175 0.3 0.275
4 0.7775 0.18 0.285 0.26
