4 0.0475 0.9525 0.075 0.095
4 0.9725 0.1825 0.055 0.365
4 0.0775 0.9575 0.155 0.085
4 0.865 0.03 0.27 0.06
4 0.9425 0.195 0.115 0.38
4 0.9725 0.56 0.055 0.62
4 0.4375 0.9125 0.555 0.175
4 0.225 0.9675 0.45 0.065
4 0.3125 0.545 0.285 0.19
4 0.9075 0.0525 0.175 0.095
2 0.9575 0.65 0.085 0.7
4 0.9575 0.1175 0.085 0.235
4 0.935 0.92 0.13 0.16
4 0.03 0.93 0.06 0.14
4 0.955 0.6875 0.09 0.605
4 0.13 0.94 0.26 0.12
4 0.4925 0.9575 0.595 0.085
5 0.04 0.87 0.08 0.17
4 0.855 0.065 0.21 0.13
4 0.0625 0.9175 0.125 0.165
2 0.92 0.755 0.16 0.49
4 0.9025 0.1 0.195 0.2
4 0.265 0.9375 0.46 0.125
4 0.3475 0.85 0.315 0.3
4 0.3175 0.38 0.295 0.47
