5 0.8625 0.98 0.275 0.04
4 0.115 0.92 0.23 0.16
2 0.475 0.575 0.33 0.47
4 0.0475 0.955 0.075 0.09
4 0.4375 0.975 0.325 0.05
4 0.2475 0.0575 0.165 0.115
4 0.4425 0.195 0.325 0.37
4 0.2725 0.0875 0.255 0.175
5 0.15 0.0225 0.3 0.045
4 0.9675 0.0675 0.055 0.135
5 0.835 0.9275 0.33 0.145
4 0.6175 0.975 0.545 0.05
4 0.3125 0.0275 0.365 0.055
4 0.88 0.025 0.21 0.05
4 0.165 0.025 0.33 0.05
4 0.4125 0.0925 0.405 0.185
4 0.2 0.0525 0.4 0.105
4 0.91 0.0825 0.18 0.165
4 0.985 0.2 0.03 0.34
4 0.2425 0.3025 0.245 0.565
4 0.31 0.5125 0.35 0.325
4 0.4525 0.42 0.265 0.35
5 0.8925 0.9525 0.215 0.095
4 0.2075 0.4175 0.185 0.315
4 0.3775 0.9475 0.335 0.105
4 0.22 0.97 0.44 0.06
4 0.3825 0.045 0.465 0.09
4 0.505 0.025 0.48 0.05
4 0.0325 0.925 0.065 0.14
2 0.41 0.57 0.31 0.29
4 0.9625 0.0425 0.065 0.065
4 0.9725 0.685 0.055 0.58
4 0.0275 0.8175 0.055 0.355
4 0.975 0.4875 0.05 0.455
4 0.795 0.03 0.4 0.06
5 0.6725 0.975 0.495 0.05
1 0.94 0.85 0.12 0.27
4 0.9425 0.85 0.115 0.29
4 0.7275 0.05 0.545 0.1
4 0.415 0.5525 0.31 0.245
4 0.975 0.33 0.05 0.34
4 0.405 0.3175 0.32 0.255
4 0.0625 0.9375 0.125 0.125
4 0.335 0.235 0.35 0.43
4 0.9225 0.1625 0.155 0.315
5 0.67 0.9575 0.65 0.085
4 0.9425 0.345 0.115 0.29
4 0.9725 0.1725 0.055 0.345
4 0.0475 0.8825 0.095 0.235
4 0.9525 0.1175 0.095 0.235
5 0.7925 0.9675 0.415 0.065
4 0.93 0.03 0.14 0.06
4 0.88 0.0475 0.24 0.095
4 0.94 0.06 0.12 0.12
4 0.335 0.4 0.38 0.33
