4 0.6675 0.98 0.495 0.04
4 0.96 0.49 0.08 0.69
4 0.0325 0.92 0.065 0.16
4 0.9725 0.795 0.055 0.38
4 0.56 0.025 0.48 0.05
4 0.615 0.0875 0.77 0.175
4 0.0625 0.9375 0.125 0.125
4 0.94 0.24 0.12 0.45
4 0.945 0.73 0.11 0.54
4 0.8475 0.955 0.295 0.09
4 0.7 0.0525 0.53 0.105
4 0.9425 0.105 0.115 0.21
4 0.025 0.42 0.05 0.45
4 0.025 0.7625 0.05 0.425
4 0.8675 0.0625 0.265 0.125
4 0.045 0.8675 0.09 0.265
4 0.74 0.0275 0.45 0.055
4 0.92 0.9375 0.16 0.125
4 0.9525 0.8625 0.095 0.275
4 0.84 0.235 0.31 0.47
4 0.845 0.905 0.31 0.19
4 0.81 0.7575 0.36 0.405
4 0.905 0.845 0.19 0.31
4 0.8 0.1 0.4 0.2
4 0.805 0.545 0.32 0.74
