4 0.0625 0.9 0.125 0.2
1 0.1375 0.4175 0.175 0.435
4 0.0275 0.78 0.055 0.44
4 0.8125 0.9275 0.375 0.145
4 0.0275 0.1675 0.055 0.315
4 0.725 0.98 0.33 0.04
4 0.9725 0.865 0.055 0.25
4 0.0425 0.565 0.085 0.53
4 0.075 0.04 0.15 0.08
4 0.5575 0.8825 0.585 0.235
4 0.3275 0.0225 0.395 0.045
2 0.23 0.8875 0.42 0.225
4 0.8425 0.045 0.315 0.09
4 0.14 0.025 0.28 0.05
4 0.1875 0.9075 0.325 0.175
4 0.56 0.095 0.27 0.17
4 0.0325 0.0875 0.065 0.175
4 0.1275 0.975 0.255 0.05
4 0.025 0.635 0.05 0.41
4 0.7525 0.595 0.245 0.81
4 0.3975 0.905 0.335 0.16
4 0.345 0.97 0.44 0.06
4 0.7725 0.8575 0.295 0.285
4 0.2225 0.0175 0.315 0.035
4 0.8075 0.97 0.375 0.06
4 0.17 0.955 0.34 0.09
4 0.0575 0.115 0.115 0.23
4 0.435 0.9525 0.39 0.095
4 0.1175 0.06 0.235 0.12
4 0.3075 0.35 0.345 0.34
2 0.2 0.945 0.37 0.11
4 0.595 0.9425 0.58 0.115
4 0.3 0.9425 0.48 0.115
4 0.655 0.105 0.31 0.21
4 0.735 0.95 0.29 0.1
4 0.7125 0.8175 0.205 0.215
4 0.7275 0.4775 0.285 0.385
