1 0.27 0.415 0.25 0.83
2 0.4075 0.345 0.295 0.69
4 0.9725 0.775 0.055 0.43
4 0.9225 0.4 0.155 0.63
4 0.9575 0.7075 0.085 0.585
4 0.97 0.33 0.06 0.37
1 0.04 0.745 0.08 0.51
4 0.7075 0.05 0.395 0.09
4 0.97 0.155 0.06 0.31
2 0.34 0.16 0.27 0.31
4 0.91 0.8825 0.18 0.225
1 0.9625 0.39 0.075 0.36
1 0.0275 0.135 0.055 0.26
4 0.63 0.1975 0.21 0.375
4 0.8425 0.135 0.305 0.27
4 0.735 0.1375 0.39 0.205
5 0.2375 0.4375 0.185 0.715
4 0.8075 0.975 0.365 0.05
1 0.37 0.3125 0.28 0.625
4 0.475 0.02 0.31 0.04
4 0.0275 0.165 0.055 0.31
4 0.0225 0.365 0.045 0.53
4 0.9 0.2275 0.19 0.455
4 0.7425 0.365 0.465 0.33
4 0.8325 0.9425 0.335 0.115
4 0.6375 0.0775 0.405 0.155
4 0.955 0.4525 0.09 0.465
1 0.0275 0.8325 0.055 0.335
4 0.93 0.04 0.14 0.08
4 0.56 0.0275 0.44 0.055
4 0.7825 0.03 0.385 0.06
4 0.8725 0.065 0.255 0.13
4 0.9425 0.115 0.115 0.23
4 0.955 0.24 0.09 0.48
4 0.815 0.4875 0.31 0.355
4 0.815 0.8475 0.37 0.285
4 0.775 0.23 0.37 0.43
4 0.78 0.0825 0.37 0.165
4 0.815 0.6675 0.35 0.665
