4 0.05 0.955 0.07 0.09
4 0.6025 0.295 0.555 0.59
4 0.0875 0.1 0.175 0.2
4 0.05 0.3125 0.1 0.325
4 0.145 0.03 0.29 0.06
4 0.1025 0.9075 0.205 0.185
5 0.315 0.4775 0.12 0.185
5 0.035 0.64 0.07 0.27
4 0.455 0.97 0.62 0.06
4 0.315 0.4875 0.11 0.165
4 0.6025 0.9475 0.235 0.105
4 0.2375 0.1225 0.285 0.245
4 0.2 0.9725 0.35 0.055
4 0.0325 0.92 0.065 0.16
4 0.0475 0.05 0.095 0.09
4 0.475 0.025 0.54 0.05
4 0.22 0.0425 0.25 0.085
4 0.1025 0.96 0.185 0.08
4 0.065 0.1925 0.13 0.385
4 0.59 0.0625 0.32 0.125
4 0.4925 0.94 0.465 0.12
4 0.385 0.1275 0.62 0.255
4 0.06 0.8475 0.12 0.305
4 0.2875 0.06 0.365 0.12
4 0.6825 0.9325 0.415 0.135
4 0.155 0.9425 0.31 0.115
4 0.0675 0.935 0.135 0.13
4 0.1625 0.0625 0.325 0.125
4 0.1375 0.1425 0.275 0.275
4 0.5775 0.905 0.285 0.19
4 0.5825 0.1625 0.455 0.325
4 0.6325 0.47 0.415 0.41
