5 0.5525 0.0475 0.895 0.085
2 0.48 0.2525 0.58 0.505
1 0.065 0.235 0.13 0.44
5 0.8675 0.365 0.265 0.73
5 0.685 0.5225 0.22 0.855
5 0.7075 0.94 0.155 0.12
2 0.4225 0.79 0.715 0.31
2 0.3825 0.745 0.765 0.51
5 0.7375 0.63 0.195 0.62
5 0.78 0.12 0.21 0.24
5 0.725 0.8775 0.14 0.245
5 0.0225 0.31 0.045 0.34
5 0.7825 0.745 0.115 0.28
5 0.0275 0.4525 0.055 0.645
5 0.975 0.625 0.05 0.75
2 0.455 0.945 0.63 0.11
5 0.815 0.24 0.29 0.48
5 0.0425 0.2625 0.085 0.405
2 0.5075 0.2925 0.425 0.295
5 0.7575 0.8175 0.155 0.355
5 0.7825 0.44 0.305 0.88
