1 0.95 0.7225 0.1 0.555
0 0.52 0.415 0.52 0.46
3 0.205 0.175 0.41 0.33
1 0.985 0.2 0.03 0.36
3 0.295 0.1 0.59 0.2
5 0.0425 0.055 0.085 0.09
3 0.385 0.055 0.77 0.11
5 0.085 0.6475 0.07 0.565
3 0.83 0.09 0.34 0.18
5 0.475 0.935 0.14 0.13
0 0.4625 0.42 0.625 0.2
5 0.02 0.16 0.04 0.32
5 0.645 0.9075 0.1 0.185
1 0.925 0.225 0.15 0.45
5 0.0175 0.6975 0.035 0.605
1 0.6425 0.5075 0.125 0.835
5 0.0525 0.4475 0.105 0.845
5 0.075 0.065 0.15 0.13
5 0.035 0.725 0.07 0.55
5 0.015 0.2475 0.03 0.495
1 0.345 0.8525 0.08 0.145
5 0.0225 0.085 0.045 0.15
1 0.47 0.8075 0.08 0.195
1 0.235 0.89 0.15 0.22
1 0.0625 0.8775 0.125 0.245
1 0.96 0.095 0.08 0.16
3 0.265 0.52 0.33 0.25
3 0.2625 0.51 0.525 0.45
3 0.945 0.3 0.11 0.6
5 0.0225 0.4375 0.045 0.795
3 0.46 0.1025 0.63 0.205
5 0.0725 0.105 0.145 0.21
1 0.9725 0.6075 0.055 0.785
1 0.9725 0.22 0.055 0.44
5 0.0575 0.1575 0.115 0.315
1 0.95 0.4525 0.1 0.895
5 0.655 0.47 0.11 0.77
5 0.03 0.235 0.06 0.47
5 0.48 0.95 0.1 0.1
1 0.48 0.8625 0.11 0.275
5 0.4875 0.88 0.095 0.24
1 0.9475 0.15 0.105 0.3
5 0.04 0.0975 0.08 0.195
5 0.065 0.7575 0.11 0.485
5 0.6475 0.7775 0.095 0.445
5 0.665 0.21 0.1 0.41
