3 0.565 0.1575 0.54 0.315
5 0.0925 0.15 0.135 0.3
3 0.835 0.805 0.26 0.39
5 0.3625 0.2125 0.185 0.425
3 0.535 0.1475 0.32 0.245
1 0.9725 0.135 0.055 0.27
5 0.9725 0.83 0.055 0.32
5 0.02 0.47 0.04 0.71
1 0.955 0.08 0.09 0.16
5 0.405 0.0325 0.12 0.055
5 0.015 0.3175 0.03 0.505
5 0.0625 0.06 0.125 0.12
5 0.135 0.3425 0.15 0.685
5 0.455 0.7925 0.1 0.345
1 0.9575 0.5425 0.085 0.845
3 0.955 0.67 0.09 0.65
5 0.14 0.4125 0.07 0.325
5 0.97 0.6675 0.06 0.665
2 0.3425 0.8825 0.565 0.195
1 0.97 0.3275 0.06 0.415
5 0.4325 0.44 0.075 0.14
5 0.145 0.13 0.19 0.26
5 0.1475 0.405 0.045 0.21
5 0.0725 0.2625 0.145 0.525
5 0.97 0.365 0.06 0.69
1 0.955 0.22 0.09 0.44
1 0.9675 0.0525 0.065 0.095
5 0.025 0.1825 0.05 0.345
5 0.4025 0.12 0.105 0.24
5 0.42 0.06 0.13 0.12
5 0.1375 0.2 0.115 0.4
1 0.96 0.2875 0.07 0.185
5 0.0325 0.295 0.065 0.59
5 0.05 0.16 0.1 0.32
5 0.145 0.115 0.09 0.23
5 0.1425 0.6275 0.095 0.635
