5 0.0225 0.545 0.045 0.59
5 0.14 0.3175 0.08 0.445
5 0.13 0.0525 0.26 0.105
5 0.0425 0.2425 0.075 0.455
5 0.87 0.905 0.09 0.19
5 0.095 0.1875 0.19 0.335
5 0.1225 0.88 0.205 0.24
5 0.195 0.2 0.23 0.4
5 0.9775 0.5375 0.045 0.925
5 0.0625 0.6575 0.125 0.595
5 0.0925 0.58 0.185 0.84
5 0.075 0.265 0.14 0.52
5 0.035 0.7375 0.07 0.525
5 0.135 0.49 0.13 0.81
5 0.03 0.355 0.06 0.71
5 0.025 0.7425 0.05 0.335
5 0.1275 0.8925 0.105 0.215
5 0.8725 0.49 0.095 0.88
5 0.06 0.1875 0.12 0.285
5 0.125 0.7575 0.12 0.485
5 0.1425 0.19 0.105 0.38
