5 0.765 0.45 0.1 0.24
5 0.4525 0.9425 0.235 0.115
5 0.6175 0.025 0.425 0.05
5 0.6675 0.32 0.285 0.59
5 0.025 0.7275 0.05 0.485
5 0.075 0.915 0.11 0.14
1 0.9775 0.7325 0.045 0.535
5 0.7825 0.56 0.105 0.56
5 0.7825 0.4375 0.185 0.395
5 0.78 0.7725 0.06 0.215
5 0.025 0.4575 0.05 0.795
5 0.0475 0.9325 0.085 0.115
5 0.6125 0.685 0.225 0.57
5 0.5225 0.7075 0.235 0.575
5 0.5325 0.05 0.105 0.09
5 0.775 0.075 0.13 0.14
2 0.2725 0.74 0.405 0.37
5 0.7875 0.4225 0.085 0.365
5 0.6 0.485 0.31 0.93
5 0.7825 0.8475 0.105 0.305
