3 0.1925 0.2975 0.385 0.595
1 0.78 0.96 0.16 0.08
5 0.025 0.1075 0.05 0.215
5 0.415 0.315 0.16 0.19
5 0.0175 0.5075 0.035 0.905
1 0.87 0.7525 0.18 0.495
5 0.4975 0.8725 0.195 0.255
1 0.9725 0.1675 0.055 0.305
3 0.3275 0.12 0.655 0.24
1 0.8925 0.655 0.135 0.32
3 0.37 0.055 0.74 0.11
3 0.065 0.41 0.13 0.82
5 0.0175 0.1025 0.035 0.205
1 0.975 0.5975 0.05 0.805
5 0.035 0.185 0.07 0.37
5 0.015 0.27 0.03 0.54
1 0.9525 0.485 0.095 0.97
5 0.0575 0.065 0.115 0.13
5 0.5125 0.6925 0.075 0.245
5 0.0475 0.1125 0.085 0.225
1 0.97 0.345 0.06 0.68
1 0.8775 0.6175 0.085 0.205
5 0.0525 0.2675 0.105 0.525
5 0.0275 0.3575 0.055 0.715
5 0.03 0.0825 0.06 0.155
5 0.4975 0.895 0.105 0.21
5 0.5075 0.795 0.105 0.41
5 0.5175 0.175 0.105 0.35
5 0.34 0.555 0.14 0.48
