3 0.8275 0.4475 0.335 0.895
1 0.925 0.4 0.12 0.8
5 0.9875 0.3875 0.025 0.705
5 0.28 0.385 0.22 0.77
5 0.025 0.7225 0.05 0.525
1 0.96 0.815 0.08 0.36
5 0.0125 0.54 0.025 0.49
5 0.23 0.6 0.15 0.59
1 0.9775 0.4425 0.035 0.755
5 0.02 0.33 0.04 0.66
1 0.97 0.88 0.06 0.23
5 0.2575 0.7175 0.125 0.565
5 0.25 0.8575 0.21 0.285
5 0.9725 0.4125 0.055 0.825
5 0.04 0.3525 0.08 0.705
1 0.9575 0.555 0.085 0.89
1 0.8875 0.545 0.205 0.9
5 0.25 0.6325 0.11 0.315
5 0.025 0.5125 0.05 0.675
5 0.19 0.1575 0.24 0.315
5 0.2025 0.345 0.245 0.68
5 0.25 0.87 0.11 0.26
