5 0.0825 0.1825 0.165 0.355
3 0.4725 0.1175 0.655 0.235
5 0.0175 0.0825 0.035 0.155
1 0.9725 0.86 0.055 0.28
1 0.9525 0.7625 0.095 0.435
5 0.6825 0.9325 0.095 0.115
3 0.8675 0.725 0.265 0.55
3 0.37 0.24 0.69 0.48
5 0.5225 0.94 0.125 0.12
5 0.6475 0.0225 0.175 0.045
5 0.4525 0.095 0.465 0.19
5 0.3075 0.12 0.285 0.24
5 0.0325 0.0525 0.065 0.095
1 0.0625 0.0625 0.125 0.125
0 0.3375 0.8625 0.675 0.275
5 0.0775 0.9575 0.155 0.085
5 0.03 0.8925 0.06 0.215
5 0.1825 0.0275 0.265 0.055
5 0.105 0.2725 0.1 0.405
5 0.015 0.1725 0.03 0.275
5 0.3275 0.0925 0.115 0.185
5 0.055 0.1075 0.11 0.215
5 0.605 0.045 0.2 0.09
3 0.3475 0.875 0.695 0.25
5 0.085 0.4875 0.17 0.895
5 0.475 0.9425 0.13 0.115
5 0.2975 0.065 0.205 0.13
5 0.58 0.4725 0.15 0.175
5 0.1975 0.1275 0.305 0.255
1 0.915 0.9225 0.11 0.155
5 0.0325 0.0875 0.055 0.175
5 0.255 0.195 0.46 0.37
5 0.69 0.115 0.1 0.23
1 0.935 0.8725 0.13 0.245
1 0.0525 0.1325 0.105 0.265
5 0.0425 0.7875 0.085 0.425
5 0.0425 0.9425 0.085 0.115
5 0.655 0.96 0.13 0.08
5 0.59 0.0375 0.38 0.075
5 0.6825 0.8575 0.195 0.285
5 0.1525 0.0475 0.165 0.095
5 0.4525 0.0275 0.355 0.055
5 0.04 0.405 0.08 0.68
5 0.0575 0.9675 0.115 0.065
5 0.235 0.06 0.44 0.12
5 0.0175 0.6475 0.035 0.635
5 0.405 0.0425 0.2 0.075
5 0.685 0.0475 0.12 0.095
5 0.15 0.41 0.15 0.8
5 0.565 0.0225 0.26 0.045
5 0.1275 0.62 0.135 0.53
5 0.0225 0.3675 0.045 0.545
5 0.3775 0.0925 0.195 0.185
5 0.5425 0.05 0.685 0.1
5 0.6025 0.0325 0.155 0.065
5 0.06 0.665 0.12 0.63
5 0.0275 0.1875 0.055 0.375
5 0.0375 0.965 0.065 0.07
5 0.43 0.0625 0.29 0.125
5 0.03 0.6125 0.06 0.775
5 0.1425 0.5475 0.115 0.275
5 0.365 0.0675 0.13 0.135
5 0.6775 0.8725 0.105 0.255
5 0.685 0.3025 0.1 0.405
5 0.135 0.1925 0.14 0.385
5 0.51 0.71 0.14 0.49
