3 0.075 0.5975 0.15 0.805
5 0.04 0.25 0.07 0.5
5 0.03 0.8625 0.06 0.275
5 0.5075 0.0475 0.435 0.095
5 0.4925 0.9425 0.735 0.115
5 0.6125 0.0225 0.505 0.045
5 0.565 0.5075 0.6 0.985
5 0.6025 0.6225 0.245 0.755
5 0.58 0.415 0.3 0.82
5 0.485 0.1925 0.39 0.355
5 0.3025 0.06 0.605 0.12
5 0.6575 0.7725 0.255 0.445
5 0.525 0.9725 0.59 0.055
5 0.725 0.6325 0.21 0.735
5 0.5975 0.075 0.555 0.15
5 0.3125 0.025 0.505 0.05
5 0.435 0.3425 0.41 0.685
5 0.0225 0.62 0.045 0.76
5 0.72 0.3775 0.15 0.755
5 0.0225 0.355 0.045 0.71
5 0.27 0.6125 0.21 0.775
5 0.045 0.4875 0.09 0.975
5 0.6675 0.5125 0.255 0.975
5 0.33 0.4875 0.35 0.975
