5 0.015 0.7525 0.03 0.425
5 0.815 0.4075 0.09 0.295
5 0.5775 0.525 0.125 0.37
5 0.2425 0.05 0.145 0.1
5 0.2725 0.07 0.115 0.14
5 0.7025 0.1175 0.085 0.235
5 0.2025 0.115 0.055 0.11
5 0.7025 0.3325 0.085 0.255
5 0.6525 0.385 0.185 0.29
0 0.475 0.23 0.47 0.24
5 0.0225 0.4025 0.045 0.805
5 0.6525 0.32 0.185 0.64
5 0.815 0.04 0.08 0.08
1 0.025 0.525 0.05 0.78
5 0.025 0.67 0.05 0.61
5 0.6375 0.65 0.215 0.31
5 0.24 0.1025 0.16 0.205
5 0.2 0.1475 0.18 0.175
0 0.485 0.1225 0.57 0.245
5 0.7025 0.2225 0.105 0.445
2 0.6375 0.495 0.205 0.35
5 0.2 0.1475 0.08 0.165
5 0.64 0.6525 0.12 0.245
5 0.6325 0.495 0.205 0.36
