5 0.9775 0.665 0.035 0.38
1 0.0225 0.8125 0.045 0.355
5 0.9775 0.1925 0.045 0.375
0 0.24 0.785 0.48 0.43
5 0.47 0.0325 0.09 0.065
0 0.21 0.1725 0.42 0.345
1 0.0525 0.19 0.105 0.36
5 0.0275 0.3625 0.055 0.705
5 0.495 0.41 0.11 0.33
1 0.0225 0.5825 0.045 0.685
0 0.7175 0.72 0.305 0.26
5 0.97 0.74 0.06 0.48
3 0.2575 0.8325 0.515 0.295
5 0.9075 0.3375 0.165 0.675
5 0.9175 0.5475 0.125 0.665
5 0.9425 0.2275 0.115 0.445
1 0.55 0.805 0.09 0.19
5 0.9075 0.8525 0.185 0.295
5 0.47 0.54 0.07 0.51
5 0.985 0.5575 0.03 0.445
5 0.5025 0.36 0.195 0.17
2 0.7725 0.13 0.445 0.19
3 0.7275 0.1425 0.545 0.285
5 0.975 0.5425 0.05 0.665
5 0.9525 0.4675 0.095 0.805
5 0.985 0.3 0.03 0.54
2 0.8925 0.12 0.215 0.23
5 0.97 0.33 0.06 0.65
5 0.5025 0.36 0.085 0.17
5 0.9375 0.8675 0.125 0.255
5 0.915 0.7175 0.17 0.335
