5 0.9075 0.63 0.095 0.3
5 0.8525 0.825 0.105 0.23
5 0.9575 0.5625 0.085 0.805
5 0.8925 0.03 0.215 0.06
5 0.9725 0.185 0.055 0.36
5 0.1825 0.0325 0.115 0.055
5 0.98 0.755 0.04 0.37
5 0.9525 0.23 0.095 0.46
5 0.8 0.4325 0.21 0.865
5 0.4075 0.3775 0.155 0.555
5 0.0625 0.1325 0.125 0.265
5 0.855 0.795 0.13 0.41
5 0.9 0.94 0.15 0.12
5 0.975 0.4175 0.05 0.835
1 0.0275 0.1725 0.055 0.345
5 0.19 0.06 0.13 0.12
5 0.875 0.88 0.14 0.24
5 0.9025 0.6025 0.195 0.705
5 0.8625 0.5925 0.195 0.425
5 0.45 0.95 0.09 0.1
1 0.0925 0.215 0.135 0.29
5 0.1675 0.17 0.135 0.34
5 0.4 0.445 0.11 0.29
1 0.155 0.1825 0.17 0.365
5 0.0975 0.19 0.135 0.35
2 0.6175 0.1925 0.455 0.305
5 0.8875 0.0625 0.185 0.125
5 0.8975 0.1675 0.205 0.335
5 0.885 0.7075 0.13 0.335
5 0.88 0.3825 0.24 0.765
