5 0.2575 0.205 0.295 0.41
5 0.0275 0.845 0.055 0.31
5 0.3275 0.12 0.385 0.17
5 0.3425 0.7025 0.125 0.395
1 0.0575 0.7475 0.115 0.355
5 0.7 0.3875 0.2 0.775
5 0.2425 0.665 0.415 0.67
1 0.055 0.115 0.11 0.23
5 0.2 0.085 0.4 0.17
5 0.3275 0.0425 0.285 0.065
5 0.335 0.0675 0.35 0.105
1 0.1175 0.7375 0.205 0.495
5 0.0125 0.4325 0.025 0.665
5 0.66 0.6 0.15 0.54
3 0.4 0.2575 0.3 0.175
5 0.1225 0.62 0.175 0.76
5 0.5975 0.5775 0.135 0.755
1 0.0475 0.7975 0.095 0.185
1 0.09 0.8475 0.17 0.305
5 0.685 0.72 0.12 0.56
5 0.675 0.855 0.21 0.29
5 0.38 0.0475 0.62 0.095
5 0.62 0.16 0.25 0.32
5 0.0225 0.38 0.045 0.76
5 0.4675 0.1175 0.785 0.235
5 0.6825 0.5925 0.095 0.285
5 0.63 0.3475 0.25 0.675
5 0.17 0.4925 0.25 0.985
5 0.6775 0.87 0.105 0.26
5 0.3775 0.625 0.165 0.34
