5 0.8275 0.2925 0.115 0.555
1 0.7975 0.7925 0.105 0.385
3 0.405 0.3525 0.6 0.705
5 0.8325 0.11 0.095 0.22
5 0.02 0.58 0.04 0.65
2 0.9375 0.855 0.125 0.27
5 0.55 0.5825 0.09 0.735
1 0.8325 0.7225 0.175 0.555
0 0.4925 0.225 0.685 0.36
5 0.8025 0.385 0.085 0.39
5 0.8 0.585 0.07 0.37
1 0.0325 0.085 0.055 0.14
5 0.805 0.275 0.09 0.23
5 0.815 0.1775 0.19 0.355
5 0.81 0.3425 0.07 0.215
5 0.55 0.69 0.07 0.44
3 0.485 0.2275 0.71 0.435
2 0.8725 0.88 0.255 0.24
5 0.8075 0.0825 0.085 0.165
5 0.795 0.7 0.09 0.53
5 0.81 0.17 0.09 0.34
