5 0.7025 0.045 0.175 0.09
3 0.4875 0.5575 0.595 0.705
5 0.0475 0.12 0.085 0.23
5 0.0325 0.0525 0.065 0.095
5 0.62 0.325 0.19 0.65
5 0.455 0.67 0.49 0.53
1 0.0375 0.1375 0.065 0.275
5 0.015 0.2275 0.03 0.385
5 0.49 0.0225 0.5 0.045
1 0.04 0.0575 0.07 0.115
1 0.9725 0.815 0.055 0.36
5 0.485 0.95 0.74 0.1
5 0.02 0.36 0.04 0.72
5 0.025 0.13 0.05 0.21
5 0.5275 0.67 0.185 0.41
5 0.565 0.975 0.4 0.05
5 0.5975 0.1425 0.205 0.285
1 0.9725 0.615 0.055 0.77
5 0.0275 0.82 0.055 0.36
5 0.67 0.42 0.13 0.84
5 0.03 0.2 0.06 0.38
5 0.6725 0.155 0.195 0.31
5 0.6025 0.6825 0.285 0.635
5 0.3075 0.645 0.295 0.71
5 0.485 0.355 0.44 0.69
5 0.635 0.8525 0.16 0.295
5 0.655 0.7075 0.13 0.585
5 0.3775 0.49 0.415 0.98
5 0.6725 0.1425 0.105 0.285
