1 0.4625 0.265 0.125 0.37
5 0.0175 0.5825 0.035 0.475
5 0.0225 0.915 0.045 0.15
5 0.07 0.665 0.12 0.28
5 0.0225 0.065 0.045 0.11
5 0.02 0.3825 0.04 0.685
5 0.13 0.5475 0.09 0.275
5 0.165 0.205 0.25 0.41
1 0.9475 0.1475 0.105 0.295
1 0.97 0.085 0.06 0.17
5 0.3675 0.76 0.115 0.48
5 0.0975 0.0625 0.175 0.125
5 0.02 0.1675 0.04 0.295
5 0.0825 0.7375 0.095 0.245
5 0.025 0.845 0.05 0.31
5 0.03 0.0825 0.06 0.165
1 0.955 0.8775 0.09 0.245
5 0.37 0.03 0.14 0.06
5 0.2 0.055 0.4 0.11
1 0.9075 0.05 0.115 0.09
5 0.0425 0.3475 0.085 0.685
1 0.975 0.1725 0.05 0.345
2 0.5475 0.595 0.445 0.19
5 0.685 0.44 0.11 0.41
5 0.1475 0.0275 0.255 0.055
5 0.04 0.9425 0.08 0.105
5 0.0625 0.8775 0.125 0.245
5 0.0525 0.125 0.105 0.25
5 0.1175 0.53 0.165 0.59
1 0.92 0.08 0.15 0.16
5 0.0275 0.2425 0.055 0.485
5 0.3625 0.88 0.115 0.24
5 0.185 0.135 0.16 0.27
5 0.3675 0.5175 0.095 0.925
5 0.11 0.6275 0.13 0.335
5 0.1225 0.35 0.245 0.68
