5 0.7275 0.835 0.115 0.31
5 0.6825 0.345 0.085 0.39
1 0.975 0.5275 0.05 0.665
5 0.31 0.27 0.3 0.54
5 0.1175 0.6675 0.215 0.625
5 0.3075 0.0425 0.595 0.085
1 0.9775 0.62 0.045 0.2
0 0.57 0.79 0.41 0.28
1 0.9525 0.725 0.095 0.44
3 0.1225 0.1675 0.225 0.225
1 0.07 0.695 0.14 0.57
1 0.9675 0.6 0.065 0.32
0 0.5575 0.7975 0.645 0.405
5 0.455 0.0725 0.28 0.135
5 0.4125 0.49 0.125 0.66
5 0.415 0.7025 0.06 0.125
5 0.4775 0.0325 0.295 0.055
5 0.0225 0.4 0.045 0.76
5 0.26 0.025 0.41 0.05
5 0.0475 0.6925 0.095 0.545
5 0.4225 0.735 0.065 0.23
1 0.05 0.5925 0.1 0.365
5 0.5225 0.08 0.825 0.16
1 0.6775 0.2475 0.125 0.495
1 0.6825 0.1375 0.245 0.275
5 0.5025 0.0475 0.485 0.095
5 0.205 0.6525 0.27 0.695
5 0.6875 0.2575 0.125 0.515
2 0.0525 0.665 0.105 0.5
5 0.44 0.0475 0.19 0.095
1 0.96 0.6475 0.08 0.175
5 0.425 0.3825 0.1 0.375
5 0.25 0.45 0.31 0.89
1 0.6825 0.1225 0.125 0.245
5 0.42 0.8225 0.1 0.355
