3 0.105 0.06 0.21 0.12
5 0.235 0.055 0.46 0.11
1 0.9775 0.69 0.045 0.57
1 0.8025 0.1975 0.335 0.395
3 0.8025 0.2425 0.375 0.485
1 0.035 0.925 0.07 0.14
1 0.04 0.955 0.06 0.09
1 0.965 0.055 0.07 0.11
1 0.9825 0.8175 0.035 0.215
1 0.9725 0.12 0.055 0.24
5 0.02 0.5425 0.04 0.775
1 0.67 0.125 0.13 0.24
2 0.4875 0.4375 0.425 0.795
1 0.245 0.87 0.13 0.24
1 0.975 0.335 0.05 0.67
5 0.045 0.4175 0.09 0.635
1 0.7775 0.0775 0.195 0.155
5 0.2775 0.1125 0.115 0.225
3 0.1675 0.0875 0.335 0.175
5 0.29 0.03 0.12 0.06
5 0.295 0.06 0.13 0.12
1 0.06 0.95 0.12 0.1
1 0.9425 0.1575 0.115 0.305
1 0.7275 0.05 0.105 0.1
1 0.805 0.1375 0.22 0.265
1 0.7275 0.16 0.185 0.31
1 0.5875 0.8825 0.135 0.225
1 0.975 0.8475 0.05 0.305
5 0.25 0.52 0.12 0.77
5 0.025 0.3325 0.05 0.545
1 0.245 0.7375 0.12 0.475
5 0.2625 0.36 0.085 0.51
