3 0.325 0.5775 0.65 0.665
5 0.4075 0.335 0.255 0.67
5 0.415 0.0525 0.24 0.095
1 0.8775 0.5075 0.205 0.205
5 0.4575 0.6675 0.105 0.255
5 0.4 0.03 0.39 0.06
5 0.76 0.33 0.16 0.66
2 0.2175 0.0275 0.435 0.055
5 0.0525 0.1975 0.105 0.395
3 0.3075 0.3425 0.615 0.685
5 0.74 0.225 0.12 0.45
5 0.9825 0.3975 0.035 0.795
1 0.025 0.855 0.05 0.29
5 0.9775 0.6275 0.045 0.745
5 0.47 0.6975 0.12 0.495
5 0.575 0.05 0.24 0.09
5 0.7425 0.06 0.135 0.12
2 0.21 0.5575 0.42 0.585
2 0.3425 0.0425 0.235 0.075
2 0.21 0.0575 0.3 0.115
5 0.5275 0.155 0.205 0.31
5 0.505 0.485 0.09 0.29
5 0.7225 0.6975 0.135 0.605
5 0.445 0.055 0.57 0.11
5 0.4675 0.45 0.185 0.38
5 0.44 0.81 0.14 0.38
2 0.3375 0.06 0.385 0.12
2 0.1025 0.095 0.205 0.19
3 0.24 0.765 0.48 0.35
5 0.405 0.8825 0.13 0.235
5 0.025 0.3625 0.05 0.725
3 0.245 0.4925 0.49 0.265
2 0.2025 0.755 0.405 0.38
2 0.2175 0.505 0.435 0.28
5 0.3875 0.9425 0.125 0.115
5 0.5625 0.1025 0.175 0.195
2 0.225 0.0925 0.43 0.185
2 0.8825 0.5325 0.205 0.175
5 0.735 0.83 0.1 0.34
5 0.74 0.4825 0.1 0.935
5 0.485 0.56 0.13 0.34
5 0.49 0.3075 0.26 0.605
