1 0.905 0.9325 0.11 0.125
5 0.2075 0.635 0.175 0.73
5 0.9825 0.615 0.035 0.65
1 0.9275 0.0325 0.145 0.065
5 0.165 0.9425 0.12 0.105
5 0.1725 0.795 0.085 0.41
5 0.19 0.35 0.13 0.57
1 0.025 0.565 0.05 0.44
5 0.2 0.085 0.21 0.17
1 0.9525 0.05 0.075 0.09
5 0.0475 0.655 0.085 0.6
1 0.9025 0.8875 0.135 0.225
1 0.5675 0.4975 0.195 0.195
5 0.9575 0.6025 0.085 0.715
1 0.94 0.06 0.12 0.12
5 0.0275 0.845 0.055 0.31
1 0.175 0.2725 0.1 0.305
5 0.2075 0.0525 0.115 0.105
1 0.55 0.29 0.11 0.18
1 0.5575 0.4 0.125 0.39
1 0.045 0.6975 0.09 0.405
5 0.0325 0.7225 0.065 0.395
5 0.1825 0.2025 0.105 0.405
5 0.195 0.1025 0.1 0.205
1 0.565 0.495 0.08 0.16
5 0.925 0.6025 0.11 0.595
5 0.1825 0.64 0.095 0.63
