1 0.02 0.9175 0.04 0.145
0 0.42 0.58 0.84 0.21
3 0.325 0.89 0.65 0.22
0 0.795 0.0925 0.41 0.185
0 0.8575 0.375 0.285 0.37
0 0.5925 0.0925 0.665 0.145
1 0.0225 0.67 0.045 0.46
5 0.175 0.39 0.07 0.31
5 0.0225 0.8425 0.045 0.315
0 0.8225 0.545 0.355 0.63
5 0.175 0.0175 0.17 0.035
0 0.6275 0.1475 0.635 0.295
1 0.03 0.95 0.06 0.1
0 0.715 0.555 0.55 0.4
0 0.3575 0.885 0.715 0.23
1 0.025 0.515 0.05 0.32
0 0.8 0.4875 0.4 0.205
0 0.34 0.19 0.49 0.38
0 0.36 0.5875 0.44 0.255
5 0.1875 0.245 0.155 0.27
5 0.1825 0.03 0.165 0.06
5 0.1875 0.245 0.075 0.23
5 0.165 0.815 0.1 0.36
